SIM: Random seed is 343750
255  59  59 178 --> MMF: 0 0 
255  59  59 179 --> MMF: 0 0 
255  59  59 180 --> MMF: 0 0 
255  59  59 181 --> MMF: 0 0 
255  59  59 182 --> MMF: 0 0 
255  59  59 183 --> MMF: 0 0 
255  59  59 184 --> MMF: 0 0 
255  59  59 185 --> MMF: 0 0 
255  59  59 186 --> MMF: 0 0 
255  59  59 187 --> MMF: 0 0 
255  59  59 188 --> MMF: 0 0 
255  59  59 189 --> MMF: 0 0 
255  59  59 190 --> MMF: 0 -2 
255  59  59 191 --> MMF: 0 -2 
255  59  59 192 --> MMF: 0 -2 
255  59  59 193 --> MMF: 0 -2 
255  59  59 194 --> MMF: 0 -3 
255  59  59 195 --> MMF: 0 -4 
255  59  59 196 --> MMF: 0 -4 
255  59  59 197 --> MMF: 0 -5 
255  59  59 198 --> MMF: 0 -6 
255  59  59 199 --> MMF: 0 -6 
0  0  0 0 --> MMF: 0 -6 
0  0  0 1 --> MMF: 0 -6 
0  0  0 2 --> MMF: 0 -6 
0  0  0 3 --> MMF: 0 -6 
0  0  0 4 --> MMF: 0 -6 
0  0  0 5 --> MMF: 0 -6 
0  0  0 6 --> MMF: -2 -4 
0  0  0 7 --> MMF: -2 1 
0  0  0 8 --> MMF: -2 5 
0  0  0 9 --> MMF: -2 6 
0  0  0 10 --> MMF: -4 11 
0  0  0 11 --> MMF: -5 17 
0  0  0 12 --> MMF: -6 21 
0  0  0 13 --> MMF: -8 24 
0  0  0 14 --> MMF: -9 30 
0  0  0 15 --> MMF: -9 30 
0  0  0 16 --> MMF: -9 31 
0  0  0 17 --> MMF: -9 31 
0  0  0 18 --> MMF: -9 31 
0  0  0 19 --> MMF: -9 31 
0  0  0 20 --> MMF: -8 30 
0  0  0 21 --> MMF: -5 26 
0  0  0 22 --> MMF: 0 20 
0  0  0 23 --> MMF: 8 10 
0  0  0 24 --> MMF: 14 3 
0  0  0 25 --> MMF: 15 1 
0  0  0 26 --> MMF: 20 -5 
0  0  0 27 --> MMF: 27 -14 
0  0  0 28 --> MMF: 31 -19 
0  0  0 29 --> MMF: 32 -20 
0  0  0 30 --> MMF: 39 -29 
0  0  0 31 --> MMF: 40 -30 
0  0  0 32 --> MMF: 42 -32 
0  0  0 33 --> MMF: 42 -32 
0  0  0 34 --> MMF: 42 -32 
0  0  0 35 --> MMF: 41 -31 
0  0  0 36 --> MMF: 39 -28 
0  0  0 37 --> MMF: 37 -24 
0  0  0 38 --> MMF: 25 -9 
0  0  0 39 --> MMF: 20 -2 
0  0  0 40 --> MMF: 16 3 
0  0  0 41 --> MMF: 15 4 
0  0  0 42 --> MMF: 10 10 
0  0  0 43 --> MMF: 8 13 
0  0  0 44 --> MMF: 7 14 
0  0  0 45 --> MMF: 5 16 
0  0  0 46 --> MMF: 2 20 
0  0  0 47 --> MMF: -1 24 
0  0  0 48 --> MMF: -3 26 
0  0  0 49 --> MMF: -4 28 
0  0  0 50 --> MMF: -5 29 
0  0  0 51 --> MMF: -4 27 
0  0  0 52 --> MMF: -4 26 
0  0  0 53 --> MMF: -4 25 
0  0  0 54 --> MMF: -3 16 
0  0  0 55 --> MMF: -3 13 
0  0  0 56 --> MMF: -4 11 
0  0  0 57 --> MMF: -3 10 
0  0  0 58 --> MMF: -2 5 
0  0  0 59 --> MMF: -2 4 
0  0  0 60 --> MMF: -2 3 
0  0  0 61 --> MMF: 1 0 
0  0  0 62 --> MMF: 2 -2 
0  0  0 63 --> MMF: 2 -2 
0  0  0 64 --> MMF: 3 -3 
0  0  0 65 --> MMF: 5 -5 
0  0  0 66 --> MMF: 5 -5 
0  0  0 67 --> MMF: 5 -5 
0  0  0 68 --> MMF: 7 -7 
0  0  0 69 --> MMF: 7 -7 
0  0  0 70 --> MMF: 7 -7 
0  0  0 71 --> MMF: 7 -7 
0  0  0 72 --> MMF: 7 -7 
0  0  0 73 --> MMF: 7 -7 
0  0  0 74 --> MMF: 7 -6 
0  0  0 75 --> MMF: 7 -6 
0  0  0 76 --> MMF: 5 -4 
0  0  0 77 --> MMF: 5 -3 
0  0  0 78 --> MMF: 5 -3 
0  0  0 79 --> MMF: 4 -2 
0  0  0 80 --> MMF: 3 -1 
0  0  0 81 --> MMF: 2 0 
0  0  0 82 --> MMF: 2 0 
0  0  0 83 --> MMF: 2 0 
0  0  0 84 --> MMF: 2 0 
0  0  0 85 --> MMF: 2 0 
0  0  0 86 --> MMF: 2 0 
0  0  0 87 --> MMF: 2 0 
0  0  0 88 --> MMF: 2 0 
0  0  0 89 --> MMF: 0 2 
0  0  0 90 --> MMF: 0 2 
0  0  0 91 --> MMF: 0 3 
0  0  0 92 --> MMF: 0 5 
0  0  0 93 --> MMF: -1 7 
0  0  0 94 --> MMF: -1 8 
0  0  0 95 --> MMF: -1 8 
0  0  0 96 --> MMF: -2 11 
0  0  0 97 --> MMF: -2 11 
0  0  0 98 --> MMF: -2 11 
0  0  0 99 --> MMF: -2 11 
0  0  0 100 --> MMF: -3 12 
0  0  0 101 --> MMF: -2 11 
0  0  0 102 --> MMF: -1 10 
0  0  0 103 --> MMF: -1 10 
0  0  0 104 --> MMF: 1 7 
0  0  0 105 --> MMF: 2 6 
0  0  0 106 --> MMF: 6 1 
0  0  0 107 --> MMF: 8 -2 
0  0  0 108 --> MMF: 11 -5 
0  0  0 109 --> MMF: 13 -8 
0  0  0 110 --> MMF: 14 -9 
0  0  0 111 --> MMF: 15 -10 
0  0  0 112 --> MMF: 17 -13 
0  0  0 113 --> MMF: 17 -13 
0  0  0 114 --> MMF: 17 -13 
0  0  0 115 --> MMF: 17 -13 
0  0  0 116 --> MMF: 15 -10 
0  0  0 117 --> MMF: 15 -10 
0  0  0 118 --> MMF: 11 -4 
0  0  0 119 --> MMF: 12 -5 
0  0  0 120 --> MMF: 11 -4 
0  0  0 121 --> MMF: 11 -4 
0  0  0 122 --> MMF: 8 0 
0  0  0 123 --> MMF: 7 1 
0  0  0 124 --> MMF: 5 4 
0  0  0 125 --> MMF: 5 4 
0  0  0 126 --> MMF: 3 6 
0  0  0 127 --> MMF: 3 6 
0  0  0 128 --> MMF: 3 1 
0  0  0 129 --> MMF: 2 1 
0  0  0 130 --> MMF: 2 1 
0  0  0 131 --> MMF: 2 50 
0  0  0 132 --> MMF: 1 129 
0  0  0 133 --> MMF: 1 146 
0  0  0 134 --> MMF: 1 201 
0  0  0 135 --> MMF: 1 201 
0  0  0 136 --> MMF: 1 201 
0  0  0 137 --> MMF: 2 200 
0  0  0 138 --> MMF: 3 198 
0  0  0 139 --> MMF: 3 198 
0  0  0 140 --> MMF: 3 198 
0  0  0 141 --> MMF: 3 198 
0  0  0 142 --> MMF: 3 198 
0  0  0 143 --> MMF: 0 202 
0  0  0 144 --> MMF: -8 212 
0  0  0 145 --> MMF: -10 215 
0  0  0 146 --> MMF: 6 195 
0  0  0 147 --> MMF: 95 83 
0  0  0 148 --> MMF: 219 -72 
0  0  0 149 --> MMF: 247 -107 
0  0  0 150 --> MMF: 334 -215 
0  0  0 151 --> MMF: 332 -213 
0  0  0 152 --> MMF: 272 -138 
0  0  0 153 --> MMF: 256 -118 
0  0  0 154 --> MMF: 9 191 
0  0  0 155 --> MMF: -4 207 
0  0  0 156 --> MMF: 1 201 
0  0  0 157 --> MMF: 4 197 
0  0  0 158 --> MMF: 10 190 
0  0  0 159 --> MMF: 10 190 
0  0  0 160 --> MMF: 8 192 
0  0  0 161 --> MMF: 8 192 
0  0  0 162 --> MMF: 5 200 
0  0  0 163 --> MMF: 2 203 
0  0  0 164 --> MMF: 1 205 
0  0  0 165 --> MMF: 0 206 
0  0  0 166 --> MMF: -1 207 
0  0  0 167 --> MMF: -1 205 
0  0  0 168 --> MMF: 0 166 
0  0  0 169 --> MMF: 0 156 
0  0  0 170 --> MMF: 0 1 
0  0  0 171 --> MMF: 0 1 
0  0  0 172 --> MMF: 0 1 
0  0  0 173 --> MMF: -1 1 
0  0  0 174 --> MMF: -1 1 
0  0  0 175 --> MMF: -2 3 
0  0  0 176 --> MMF: -2 1 
0  0  0 177 --> MMF: -3 3 
0  0  0 178 --> MMF: -3 6 
0  0  0 179 --> MMF: -3 8 
0  0  0 180 --> MMF: -3 13 
0  0  0 181 --> MMF: -3 14 
0  0  0 182 --> MMF: -4 18 
0  0  0 183 --> MMF: -6 24 
0  0  0 184 --> MMF: -6 26 
0  0  0 185 --> MMF: -6 27 
0  0  0 186 --> MMF: -7 30 
0  0  0 187 --> MMF: -8 31 
0  0  0 188 --> MMF: -8 31 
0  0  0 189 --> MMF: -9 33 
0  0  0 190 --> MMF: -8 31 
0  0  0 191 --> MMF: -5 28 
0  0  0 192 --> MMF: 0 21 
0  0  0 193 --> MMF: 2 19 
0  0  0 194 --> MMF: 13 5 
0  0  0 195 --> MMF: 16 1 
0  0  0 196 --> MMF: 24 -9 
0  0  0 197 --> MMF: 26 -11 
0  0  0 198 --> MMF: 31 -17 
0  0  0 199 --> MMF: 36 -24 
0  0  1 0 --> MMF: 40 -29 
0  0  1 1 --> MMF: 41 -30 
0  0  1 2 --> MMF: 43 -32 
0  0  1 3 --> MMF: 44 -34 
0  0  1 4 --> MMF: 44 -34 
0  0  1 5 --> MMF: 42 -31 
0  0  1 6 --> MMF: 41 -29 
0  0  1 7 --> MMF: 37 -22 
0  0  1 8 --> MMF: 29 -9 
0  0  1 9 --> MMF: 27 -7 
0  0  1 10 --> MMF: 17 6 
0  0  1 11 --> MMF: 13 11 
0  0  1 12 --> MMF: 11 13 
0  0  1 13 --> MMF: 9 16 
0  0  1 14 --> MMF: 8 17 
0  0  1 15 --> MMF: 7 18 
0  0  1 16 --> MMF: 4 22 
0  0  1 17 --> MMF: 3 23 
0  0  1 18 --> MMF: 2 25 
0  0  1 19 --> MMF: 2 25 
 2 --> 0 : 0 : 0 . 150 (0) 5 5 8 9 50 (-1) 23 39 (-80) 70
0  0  1 20 --> MMF: 0 27 
0  0  1 21 --> MMF: 0 26 
0  0  1 22 --> MMF: 0 25 
0  0  1 23 --> MMF: 0 23 
0  0  1 24 --> MMF: 0 18 
0  0  1 25 --> MMF: 0 16 
0  0  1 26 --> MMF: 0 10 
0  0  1 27 --> MMF: 0 8 
0  0  1 28 --> MMF: 2 4 
0  0  1 29 --> MMF: 3 3 
0  0  1 30 --> MMF: 4 1 
0  0  1 31 --> MMF: 4 1 
0  0  1 32 --> MMF: 6 -1 
0  0  1 33 --> MMF: 6 -1 
0  0  1 34 --> MMF: 8 -4 
0  0  1 35 --> MMF: 9 -5 
0  0  1 36 --> MMF: 9 -5 
0  0  1 37 --> MMF: 9 -5 
0  0  1 38 --> MMF: 10 -6 
0  0  1 39 --> MMF: 11 -7 
0  0  1 40 --> MMF: 10 -6 
0  0  1 41 --> MMF: 10 -6 
0  0  1 42 --> MMF: 8 -4 
0  0  1 43 --> MMF: 8 -4 
0  0  1 44 --> MMF: 6 -1 
0  0  1 45 --> MMF: 6 -1 
0  0  1 46 --> MMF: 3 3 
0  0  1 47 --> MMF: 3 3 
0  0  1 48 --> MMF: 3 3 
0  0  1 49 --> MMF: 2 4 
0  0  1 50 --> MMF: 2 4 
0  0  1 51 --> MMF: 2 4 
0  0  1 52 --> MMF: 2 4 
0  0  1 53 --> MMF: 1 5 
0  0  1 54 --> MMF: 2 4 
0  0  1 55 --> MMF: 2 4 
0  0  1 56 --> MMF: 2 3 
0  0  1 57 --> MMF: 3 2 
0  0  1 58 --> MMF: 3 1 
0  0  1 59 --> MMF: 2 3 
0  0  1 60 --> MMF: 1 5 
0  0  1 61 --> MMF: 1 7 
0  0  1 62 --> MMF: 1 8 
0  0  1 63 --> MMF: 1 9 
0  0  1 64 --> MMF: 0 10 
0  0  1 65 --> MMF: 0 11 
0  0  1 66 --> MMF: 0 11 
0  0  1 67 --> MMF: 0 11 
0  0  1 68 --> MMF: 0 11 
0  0  1 69 --> MMF: 0 11 
0  0  1 70 --> MMF: 0 11 
0  0  1 71 --> MMF: 1 10 
0  0  1 72 --> MMF: 3 7 
0  0  1 73 --> MMF: 4 6 
0  0  1 74 --> MMF: 8 1 
0  0  1 75 --> MMF: 9 0 
0  0  1 76 --> MMF: 11 -3 
0  0  1 77 --> MMF: 14 -7 
0  0  1 78 --> MMF: 15 -8 
0  0  1 79 --> MMF: 17 -10 
0  0  1 80 --> MMF: 17 -10 
0  0  1 81 --> MMF: 18 -12 
0  0  1 82 --> MMF: 16 -9 
0  0  1 83 --> MMF: 15 -8 
0  0  1 84 --> MMF: 10 -2 
0  0  1 85 --> MMF: 9 0 
0  0  1 86 --> MMF: 8 1 
0  0  1 87 --> MMF: 8 1 
0  0  1 88 --> MMF: 8 1 
0  0  1 89 --> MMF: 9 0 
0  0  1 90 --> MMF: 7 2 
0  0  1 91 --> MMF: 7 2 
0  0  1 92 --> MMF: 5 5 
0  0  1 93 --> MMF: 3 7 
0  0  1 94 --> MMF: 3 2 
0  0  1 95 --> MMF: 3 2 
0  0  1 96 --> MMF: 2 10 
0  0  1 97 --> MMF: 2 16 
0  0  1 98 --> MMF: 2 128 
0  0  1 99 --> MMF: 2 165 
0  0  1 100 --> MMF: 1 185 
0  0  1 101 --> MMF: 1 188 
0  0  1 102 --> MMF: 1 188 
0  0  1 103 --> MMF: 1 188 
0  0  1 104 --> MMF: 2 186 
0  0  1 105 --> MMF: 3 185 
0  0  1 106 --> MMF: 3 185 
0  0  1 107 --> MMF: 3 185 
0  0  1 108 --> MMF: 3 185 
0  0  1 109 --> MMF: 3 185 
0  0  1 110 --> MMF: -8 199 
0  0  1 111 --> MMF: -2 191 
0  0  1 112 --> MMF: 28 154 
0  0  1 113 --> MMF: 38 141 
0  0  1 114 --> MMF: 217 -82 
0  0  1 115 --> MMF: 276 -156 
0  0  1 116 --> MMF: 307 -195 
0  0  1 117 --> MMF: 311 -200 
0  0  1 118 --> MMF: 178 -34 
0  0  1 119 --> MMF: 25 158 
0  0  1 120 --> MMF: 2 186 
0  0  1 121 --> MMF: 0 189 
0  0  1 122 --> MMF: 14 171 
0  0  1 123 --> MMF: 14 171 
0  0  1 124 --> MMF: 12 174 
0  0  1 125 --> MMF: 10 176 
0  0  1 126 --> MMF: 10 176 
0  0  1 127 --> MMF: 6 185 
0  0  1 128 --> MMF: 3 188 
0  0  1 129 --> MMF: 2 189 
0  0  1 130 --> MMF: 0 191 
0  0  1 131 --> MMF: -1 192 
0  0  1 132 --> MMF: -1 191 
0  0  1 133 --> MMF: -1 191 
0  0  1 134 --> MMF: 0 105 
0  0  1 135 --> MMF: 0 10 
0  0  1 136 --> MMF: 0 3 
0  0  1 137 --> MMF: 0 1 
0  0  1 138 --> MMF: 0 1 
0  0  1 139 --> MMF: 0 1 
0  0  1 140 --> MMF: -1 1 
0  0  1 141 --> MMF: -1 0 
0  0  1 142 --> MMF: -1 0 
0  0  1 143 --> MMF: -3 8 
0  0  1 144 --> MMF: -4 13 
0  0  1 145 --> MMF: -4 13 
0  0  1 146 --> MMF: -4 16 
0  0  1 147 --> MMF: -5 20 
0  0  1 148 --> MMF: -6 23 
0  0  1 149 --> MMF: -6 25 
0  0  1 150 --> MMF: -9 29 
0  0  1 151 --> MMF: -9 30 
0  0  1 152 --> MMF: -9 30 
0  0  1 153 --> MMF: -12 33 
0  0  1 154 --> MMF: -11 32 
0  0  1 155 --> MMF: -7 27 
0  0  1 156 --> MMF: 0 18 
0  0  1 157 --> MMF: 2 16 
0  0  1 158 --> MMF: 10 6 
0  0  1 159 --> MMF: 19 -5 
0  0  1 160 --> MMF: 25 -13 
0  0  1 161 --> MMF: 26 -14 
0  0  1 162 --> MMF: 31 -20 
0  0  1 163 --> MMF: 35 -25 
0  0  1 164 --> MMF: 38 -29 
0  0  1 165 --> MMF: 40 -32 
0  0  1 166 --> MMF: 41 -33 
0  0  1 167 --> MMF: 42 -34 
0  0  1 168 --> MMF: 41 -33 
0  0  1 169 --> MMF: 40 -32 
0  0  1 170 --> MMF: 38 -29 
0  0  1 171 --> MMF: 29 -15 
0  0  1 172 --> MMF: 25 -7 
0  0  1 173 --> MMF: 24 -6 
0  0  1 174 --> MMF: 18 1 
0  0  1 175 --> MMF: 13 8 
0  0  1 176 --> MMF: 11 10 
0  0  1 177 --> MMF: 8 14 
0  0  1 178 --> MMF: 6 16 
0  0  1 179 --> MMF: 5 18 
0  0  1 180 --> MMF: 3 20 
0  0  1 181 --> MMF: 3 20 
0  0  1 182 --> MMF: 1 23 
0  0  1 183 --> MMF: 0 24 
0  0  1 184 --> MMF: 0 23 
0  0  1 185 --> MMF: 0 23 
0  0  1 186 --> MMF: -3 25 
0  0  1 187 --> MMF: -3 20 
0  0  1 188 --> MMF: -3 17 
0  0  1 189 --> MMF: -3 16 
0  0  1 190 --> MMF: -2 11 
0  0  1 191 --> MMF: -2 8 
0  0  1 192 --> MMF: -1 6 
0  0  1 193 --> MMF: -1 4 
0  0  1 194 --> MMF: 1 1 
0  0  1 195 --> MMF: 2 0 
0  0  1 196 --> MMF: 2 0 
0  0  1 197 --> MMF: 2 0 
0  0  1 198 --> MMF: 3 -2 
0  0  1 199 --> MMF: 4 -3 
0  0  2 0 --> MMF: 4 -3 
0  0  2 1 --> MMF: 6 -5 
0  0  2 2 --> MMF: 7 -7 
0  0  2 3 --> MMF: 7 -7 
0  0  2 4 --> MMF: 7 -7 
 4 --> 0 : 0 : 1 . 117 (32) 7 4 8 6 47 (16) 24 36 (96) 66
0  0  2 5 --> MMF: 7 -7 
0  0  2 6 --> MMF: 6 -5 
0  0  2 7 --> MMF: 5 -4 
0  0  2 8 --> MMF: 5 -3 
0  0  2 9 --> MMF: 5 -3 
0  0  2 10 --> MMF: 5 -2 
0  0  2 11 --> MMF: 5 -2 
0  0  2 12 --> MMF: 4 -1 
0  0  2 13 --> MMF: 3 0 
0  0  2 14 --> MMF: 3 0 
0  0  2 15 --> MMF: 3 0 
0  0  2 16 --> MMF: 2 1 
0  0  2 17 --> MMF: 2 1 
0  0  2 18 --> MMF: 2 1 
0  0  2 19 --> MMF: 2 1 
0  0  2 20 --> MMF: 2 1 
0  0  2 21 --> MMF: 2 1 
0  0  2 22 --> MMF: 2 1 
0  0  2 23 --> MMF: 2 1 
0  0  2 24 --> MMF: 2 4 
0  0  2 25 --> MMF: 2 5 
0  0  2 26 --> MMF: 2 6 
0  0  2 27 --> MMF: 2 6 
0  0  2 28 --> MMF: 2 9 
0  0  2 29 --> MMF: 2 10 
0  0  2 30 --> MMF: 1 11 
0  0  2 31 --> MMF: 1 11 
0  0  2 32 --> MMF: 1 11 
0  0  2 33 --> MMF: 0 13 
0  0  2 34 --> MMF: 0 13 
0  0  2 35 --> MMF: 1 11 
0  0  2 36 --> MMF: 1 11 
0  0  2 37 --> MMF: 2 10 
0  0  2 38 --> MMF: 3 9 
0  0  2 39 --> MMF: 6 5 
0  0  2 40 --> MMF: 11 -1 
0  0  2 41 --> MMF: 12 -2 
0  0  2 42 --> MMF: 14 -5 
0  0  2 43 --> MMF: 15 -6 
0  0  2 44 --> MMF: 19 -11 
0  0  2 45 --> MMF: 20 -12 
0  0  2 46 --> MMF: 20 -12 
0  0  2 47 --> MMF: 21 -14 
0  0  2 48 --> MMF: 20 -12 
0  0  2 49 --> MMF: 19 -11 
0  0  2 50 --> MMF: 16 -7 
0  0  2 51 --> MMF: 12 -2 
0  0  2 52 --> MMF: 11 -1 
0  0  2 53 --> MMF: 10 0 
0  0  2 54 --> MMF: 10 0 
0  0  2 55 --> MMF: 10 0 
0  0  2 56 --> MMF: 10 0 
0  0  2 57 --> MMF: 7 4 
0  0  2 58 --> MMF: 6 5 
0  0  2 59 --> MMF: 5 3 
0  0  2 60 --> MMF: 3 5 
0  0  2 61 --> MMF: 3 5 
0  0  2 62 --> MMF: 3 83 
0  0  2 63 --> MMF: 2 130 
0  0  2 64 --> MMF: 1 169 
0  0  2 65 --> MMF: 1 176 
0  0  2 66 --> MMF: 1 176 
0  0  2 67 --> MMF: 1 176 
0  0  2 68 --> MMF: 1 176 
0  0  2 69 --> MMF: 1 176 
0  0  2 70 --> MMF: 1 176 
0  0  2 71 --> MMF: 1 176 
0  0  2 72 --> MMF: 3 173 
0  0  2 73 --> MMF: 2 175 
0  0  2 74 --> MMF: -1 178 
0  0  2 75 --> MMF: -6 185 
0  0  2 76 --> MMF: 2 175 
0  0  2 77 --> MMF: 4 172 
0  0  2 78 --> MMF: 146 -5 
0  0  2 79 --> MMF: 219 -97 
0  0  2 80 --> MMF: 279 -172 
0  0  2 81 --> MMF: 290 -185 
0  0  2 82 --> MMF: 248 -133 
0  0  2 83 --> MMF: 145 -4 
0  0  2 84 --> MMF: 15 158 
0  0  2 85 --> MMF: 5 171 
0  0  2 86 --> MMF: 9 166 
0  0  2 87 --> MMF: 17 156 
0  0  2 88 --> MMF: 16 157 
0  0  2 89 --> MMF: 14 160 
0  0  2 90 --> MMF: 14 160 
0  0  2 91 --> MMF: 11 163 
0  0  2 92 --> MMF: 8 169 
0  0  2 93 --> MMF: 7 170 
0  0  2 94 --> MMF: 4 173 
0  0  2 95 --> MMF: 4 173 
0  0  2 96 --> MMF: 4 172 
0  0  2 97 --> MMF: 4 171 
0  0  2 98 --> MMF: 4 144 
0  0  2 99 --> MMF: 4 79 
0  0  2 100 --> MMF: 4 -1 
0  0  2 101 --> MMF: 4 -1 
0  0  2 102 --> MMF: 3 0 
0  0  2 103 --> MMF: 2 1 
0  0  2 104 --> MMF: 0 3 
0  0  2 105 --> MMF: -1 3 
0  0  2 106 --> MMF: -2 5 
0  0  2 107 --> MMF: -3 8 
0  0  2 108 --> MMF: -3 10 
0  0  2 109 --> MMF: -3 11 
0  0  2 110 --> MMF: -4 18 
0  0  2 111 --> MMF: -5 22 
0  0  2 112 --> MMF: -6 26 
0  0  2 113 --> MMF: -8 29 
0  0  2 114 --> MMF: -9 32 
0  0  2 115 --> MMF: -10 34 
0  0  2 116 --> MMF: -10 35 
0  0  2 117 --> MMF: -10 35 
0  0  2 118 --> MMF: -10 35 
0  0  2 119 --> MMF: -6 30 
0  0  2 120 --> MMF: 0 22 
0  0  2 121 --> MMF: 1 21 
0  0  2 122 --> MMF: 11 8 
0  0  2 123 --> MMF: 17 1 
0  0  2 124 --> MMF: 20 -3 
0  0  2 125 --> MMF: 22 -5 
0  0  2 126 --> MMF: 31 -17 
0  0  2 127 --> MMF: 36 -23 
0  0  2 128 --> MMF: 40 -28 
0  0  2 129 --> MMF: 41 -29 
0  0  2 130 --> MMF: 44 -33 
0  0  2 131 --> MMF: 45 -34 
0  0  2 132 --> MMF: 46 -35 
0  0  2 133 --> MMF: 46 -35 
0  0  2 134 --> MMF: 42 -30 
0  0  2 135 --> MMF: 38 -23 
0  0  2 136 --> MMF: 33 -14 
0  0  2 137 --> MMF: 32 -13 
0  0  2 138 --> MMF: 16 7 
0  0  2 139 --> MMF: 13 11 
0  0  2 140 --> MMF: 11 13 
0  0  2 141 --> MMF: 10 15 
0  0  2 142 --> MMF: 8 17 
0  0  2 143 --> MMF: 6 20 
0  0  2 144 --> MMF: 4 22 
0  0  2 145 --> MMF: 3 23 
0  0  2 146 --> MMF: 1 26 
0  0  2 147 --> MMF: 0 27 
0  0  2 148 --> MMF: 0 27 
0  0  2 149 --> MMF: -1 28 
0  0  2 150 --> MMF: -2 27 
0  0  2 151 --> MMF: -2 25 
0  0  2 152 --> MMF: -2 21 
0  0  2 153 --> MMF: -2 21 
0  0  2 154 --> MMF: -1 10 
0  0  2 155 --> MMF: 0 6 
0  0  2 156 --> MMF: 0 5 
0  0  2 157 --> MMF: 1 3 
0  0  2 158 --> MMF: 2 1 
0  0  2 159 --> MMF: 2 0 
0  0  2 160 --> MMF: 3 -1 
0  0  2 161 --> MMF: 5 -4 
0  0  2 162 --> MMF: 6 -5 
0  0  2 163 --> MMF: 6 -5 
0  0  2 164 --> MMF: 7 -6 
0  0  2 165 --> MMF: 7 -6 
0  0  2 166 --> MMF: 7 -6 
0  0  2 167 --> MMF: 7 -6 
0  0  2 168 --> MMF: 7 -6 
0  0  2 169 --> MMF: 7 -6 
0  0  2 170 --> MMF: 7 -5 
0  0  2 171 --> MMF: 7 -5 
0  0  2 172 --> MMF: 7 -5 
0  0  2 173 --> MMF: 5 -2 
0  0  2 174 --> MMF: 5 -2 
0  0  2 175 --> MMF: 5 -2 
0  0  2 176 --> MMF: 4 -1 
0  0  2 177 --> MMF: 4 -1 
0  0  2 178 --> MMF: 4 -1 
0  0  2 179 --> MMF: 4 -1 
0  0  2 180 --> MMF: 3 0 
0  0  2 181 --> MMF: 3 0 
0  0  2 182 --> MMF: 3 0 
0  0  2 183 --> MMF: 3 0 
0  0  2 184 --> MMF: 3 0 
0  0  2 185 --> MMF: 2 1 
0  0  2 186 --> MMF: 2 1 
0  0  2 187 --> MMF: 2 1 
0  0  2 188 --> MMF: 2 1 
0  0  2 189 --> MMF: 2 0 
0  0  2 190 --> MMF: 2 0 
0  0  2 191 --> MMF: 2 2 
0  0  2 192 --> MMF: 2 4 
0  0  2 193 --> MMF: 1 6 
0  0  2 194 --> MMF: 1 8 
0  0  2 195 --> MMF: 1 9 
0  0  2 196 --> MMF: 0 11 
0  0  2 197 --> MMF: 0 11 
0  0  2 198 --> MMF: 0 11 
0  0  2 199 --> MMF: 0 11 
0  0  3 0 --> MMF: 0 11 
0  0  3 1 --> MMF: 0 11 
0  0  3 2 --> MMF: 0 11 
 3 --> 0 : 0 : 2 . 81 (113) 6 4 9 6 47 (48) 10 37 (-128) 68
0  0  3 3 --> MMF: 0 11 
0  0  3 4 --> MMF: 1 10 
0  0  3 5 --> MMF: 2 9 
0  0  3 6 --> MMF: 4 6 
0  0  3 7 --> MMF: 8 1 
0  0  3 8 --> MMF: 11 -2 
0  0  3 9 --> MMF: 13 -5 
0  0  3 10 --> MMF: 16 -9 
0  0  3 11 --> MMF: 17 -10 
0  0  3 12 --> MMF: 18 -11 
0  0  3 13 --> MMF: 19 -12 
0  0  3 14 --> MMF: 19 -12 
0  0  3 15 --> MMF: 19 -12 
0  0  3 16 --> MMF: 17 -10 
0  0  3 17 --> MMF: 16 -9 
0  0  3 18 --> MMF: 12 -4 
0  0  3 19 --> MMF: 11 -2 
0  0  3 20 --> MMF: 10 -1 
0  0  3 21 --> MMF: 9 0 
0  0  3 22 --> MMF: 6 4 
0  0  3 23 --> MMF: 6 4 
0  0  3 24 --> MMF: 5 5 
0  0  3 25 --> MMF: 5 5 
0  0  3 26 --> MMF: 4 3 
0  0  3 27 --> MMF: 4 3 
0  0  3 28 --> MMF: 3 22 
0  0  3 29 --> MMF: 2 31 
0  0  3 30 --> MMF: 2 111 
0  0  3 31 --> MMF: 2 161 
0  0  3 32 --> MMF: 2 171 
0  0  3 33 --> MMF: 0 173 
0  0  3 34 --> MMF: 2 171 
0  0  3 35 --> MMF: 3 170 
0  0  3 36 --> MMF: 3 170 
0  0  3 37 --> MMF: 3 170 
0  0  3 38 --> MMF: 3 170 
0  0  3 39 --> MMF: 3 170 
0  0  3 40 --> MMF: 3 170 
0  0  3 41 --> MMF: 3 170 
0  0  3 42 --> MMF: -6 181 
0  0  3 43 --> MMF: 4 168 
0  0  3 44 --> MMF: 48 113 
0  0  3 45 --> MMF: 60 98 
0  0  3 46 --> MMF: 188 -62 
0  0  3 47 --> MMF: 268 -162 
0  0  3 48 --> MMF: 284 -182 
0  0  3 49 --> MMF: 284 -182 
0  0  3 50 --> MMF: 141 -3 
0  0  3 51 --> MMF: 14 156 
0  0  3 52 --> MMF: -2 176 
0  0  3 53 --> MMF: -3 177 
0  0  3 54 --> MMF: 12 158 
0  0  3 55 --> MMF: 12 158 
0  0  3 56 --> MMF: 11 160 
0  0  3 57 --> MMF: 11 160 
0  0  3 58 --> MMF: 10 161 
0  0  3 59 --> MMF: 9 164 
0  0  3 60 --> MMF: 5 169 
0  0  3 61 --> MMF: 5 169 
0  0  3 62 --> MMF: 3 171 
0  0  3 63 --> MMF: 2 173 
0  0  3 64 --> MMF: 1 173 
0  0  3 65 --> MMF: 1 173 
0  0  3 66 --> MMF: 0 85 
0  0  3 67 --> MMF: 0 4 
0  0  3 68 --> MMF: 0 3 
0  0  3 69 --> MMF: 0 3 
0  0  3 70 --> MMF: 0 3 
0  0  3 71 --> MMF: 0 2 
0  0  3 72 --> MMF: 1 0 
0  0  3 73 --> MMF: 0 1 
0  0  3 74 --> MMF: 0 0 
0  0  3 75 --> MMF: 0 0 
0  0  3 76 --> MMF: -1 -2 
0  0  3 77 --> MMF: -1 -2 
0  0  3 78 --> MMF: -2 0 
0  0  3 79 --> MMF: -3 5 
0  0  3 80 --> MMF: -4 10 
0  0  3 81 --> MMF: -4 11 
0  0  3 82 --> MMF: -5 16 
0  0  3 83 --> MMF: -7 21 
0  0  3 84 --> MMF: -7 23 
0  0  3 85 --> MMF: -7 25 
0  0  3 86 --> MMF: -7 25 
0  0  3 87 --> MMF: -8 27 
0  0  3 88 --> MMF: -8 27 
0  0  3 89 --> MMF: -9 28 
0  0  3 90 --> MMF: -7 26 
0  0  3 91 --> MMF: -6 25 
0  0  3 92 --> MMF: -2 20 
0  0  3 93 --> MMF: 0 17 
0  0  3 94 --> MMF: 6 10 
0  0  3 95 --> MMF: 11 3 
0  0  3 96 --> MMF: 17 -4 
0  0  3 97 --> MMF: 19 -7 
0  0  3 98 --> MMF: 26 -15 
0  0  3 99 --> MMF: 30 -20 
0  0  3 100 --> MMF: 32 -23 
0  0  3 101 --> MMF: 35 -27 
0  0  3 102 --> MMF: 36 -28 
0  0  3 103 --> MMF: 37 -29 
0  0  3 104 --> MMF: 37 -29 
0  0  3 105 --> MMF: 37 -29 
0  0  3 106 --> MMF: 34 -24 
0  0  3 107 --> MMF: 30 -19 
0  0  3 108 --> MMF: 23 -10 
0  0  3 109 --> MMF: 21 -7 
0  0  3 110 --> MMF: 16 -2 
0  0  3 111 --> MMF: 12 3 
0  0  3 112 --> MMF: 11 5 
0  0  3 113 --> MMF: 11 5 
0  0  3 114 --> MMF: 5 12 
0  0  3 115 --> MMF: 4 13 
0  0  3 116 --> MMF: 2 16 
0  0  3 117 --> MMF: 1 17 
0  0  3 118 --> MMF: 0 18 
0  0  3 119 --> MMF: -1 20 
0  0  3 120 --> MMF: -4 23 
0  0  3 121 --> MMF: -5 25 
0  0  3 122 --> MMF: -6 24 
0  0  3 123 --> MMF: -6 21 
0  0  3 124 --> MMF: -6 17 
0  0  3 125 --> MMF: -6 16 
0  0  3 126 --> MMF: -7 14 
0  0  3 127 --> MMF: -7 11 
0  0  3 128 --> MMF: -5 8 
0  0  3 129 --> MMF: -5 8 
0  0  3 130 --> MMF: -4 3 
0  0  3 131 --> MMF: -4 3 
0  0  3 132 --> MMF: -1 0 
0  0  3 133 --> MMF: -1 0 
0  0  3 134 --> MMF: 1 -3 
0  0  3 135 --> MMF: 2 -4 
0  0  3 136 --> MMF: 2 -4 
0  0  3 137 --> MMF: 2 -4 
0  0  3 138 --> MMF: 3 -5 
0  0  3 139 --> MMF: 4 -7 
0  0  3 140 --> MMF: 4 -7 
0  0  3 141 --> MMF: 5 -8 
0  0  3 142 --> MMF: 5 -8 
0  0  3 143 --> MMF: 5 -8 
0  0  3 144 --> MMF: 4 -5 
0  0  3 145 --> MMF: 4 -5 
0  0  3 146 --> MMF: 3 -4 
0  0  3 147 --> MMF: 3 -4 
0  0  3 148 --> MMF: 3 -2 
0  0  3 149 --> MMF: 3 -2 
0  0  3 150 --> MMF: 3 -2 
0  0  3 151 --> MMF: 3 -2 
0  0  3 152 --> MMF: 3 -2 
0  0  3 153 --> MMF: 3 -3 
0  0  3 154 --> MMF: 3 -4 
0  0  3 155 --> MMF: 3 -4 
0  0  3 156 --> MMF: 3 -4 
0  0  3 157 --> MMF: 3 -4 
0  0  3 158 --> MMF: 3 -4 
0  0  3 159 --> MMF: 3 -4 
0  0  3 160 --> MMF: 2 -3 
0  0  3 161 --> MMF: 2 -3 
0  0  3 162 --> MMF: 0 -1 
0  0  3 163 --> MMF: 0 -1 
0  0  3 164 --> MMF: -1 0 
0  0  3 165 --> MMF: -1 0 
0  0  3 166 --> MMF: -2 3 
0  0  3 167 --> MMF: -2 5 
0  0  3 168 --> MMF: -2 6 
0  0  3 169 --> MMF: -3 9 
0  0  3 170 --> MMF: -4 11 
0  0  3 171 --> MMF: -4 11 
0  0  3 172 --> MMF: -4 13 
0  0  3 173 --> MMF: -4 13 
0  0  3 174 --> MMF: -4 13 
0  0  3 175 --> MMF: -4 13 
0  0  3 176 --> MMF: -4 13 
0  0  3 177 --> MMF: -4 13 
0  0  3 178 --> MMF: -2 11 
0  0  3 179 --> MMF: -2 11 
0  0  3 180 --> MMF: 0 8 
0  0  3 181 --> MMF: 1 7 
0  0  3 182 --> MMF: 6 1 
0  0  3 183 --> MMF: 8 -2 
0  0  3 184 --> MMF: 10 -4 
0  0  3 185 --> MMF: 13 -8 
0  0  3 186 --> MMF: 14 -9 
0  0  3 187 --> MMF: 15 -10 
0  0  3 188 --> MMF: 17 -13 
0  0  3 189 --> MMF: 18 -14 
0  0  3 190 --> MMF: 18 -14 
0  0  3 191 --> MMF: 18 -14 
0  0  3 192 --> MMF: 16 -12 
0  0  3 193 --> MMF: 14 -9 
0  0  3 194 --> MMF: 12 -5 
0  0  3 195 --> MMF: 11 -4 
0  0  3 196 --> MMF: 8 1 
0  0  3 197 --> MMF: 8 1 
0  0  3 198 --> MMF: 8 1 
0  0  3 199 --> MMF: 6 3 
0  0  4 0 --> MMF: 4 6 
 4 --> 0 : 0 : 3 . 49 (11) 7 4 8 6 46 (1) 16 40 (16) 72
0  0  4 1 --> MMF: 4 6 
0  0  4 2 --> MMF: 4 4 
0  0  4 3 --> MMF: 2 6 
0  0  4 4 --> MMF: 2 10 
0  0  4 5 --> MMF: 2 14 
0  0  4 6 --> MMF: 1 133 
0  0  4 7 --> MMF: 1 169 
0  0  4 8 --> MMF: 1 193 
0  0  4 9 --> MMF: 1 196 
0  0  4 10 --> MMF: 1 196 
0  0  4 11 --> MMF: 1 196 
0  0  4 12 --> MMF: 2 195 
0  0  4 13 --> MMF: 2 195 
0  0  4 14 --> MMF: 2 195 
0  0  4 15 --> MMF: 2 195 
0  0  4 16 --> MMF: 3 194 
0  0  4 17 --> MMF: 2 195 
0  0  4 18 --> MMF: -3 201 
0  0  4 19 --> MMF: 1 196 
0  0  4 20 --> MMF: 23 169 
0  0  4 21 --> MMF: 30 160 
0  0  4 22 --> MMF: 219 -76 
0  0  4 23 --> MMF: 276 -147 
0  0  4 24 --> MMF: 314 -195 
0  0  4 25 --> MMF: 320 -202 
0  0  4 26 --> MMF: 279 -151 
0  0  4 27 --> MMF: 112 58 
0  0  4 28 --> MMF: 12 183 
0  0  4 29 --> MMF: 5 191 
0  0  4 30 --> MMF: 7 189 
0  0  4 31 --> MMF: 14 180 
0  0  4 32 --> MMF: 14 180 
0  0  4 33 --> MMF: 13 181 
0  0  4 34 --> MMF: 11 184 
0  0  4 35 --> MMF: 10 186 
0  0  4 36 --> MMF: 6 191 
0  0  4 37 --> MMF: 6 191 
0  0  4 38 --> MMF: 4 193 
0  0  4 39 --> MMF: 3 193 
0  0  4 40 --> MMF: 1 195 
0  0  4 41 --> MMF: 1 195 
0  0  4 42 --> MMF: 1 170 
0  0  4 43 --> MMF: 0 65 
0  0  4 44 --> MMF: 0 3 
0  0  4 45 --> MMF: 0 3 
0  0  4 46 --> MMF: -1 4 
0  0  4 47 --> MMF: -1 4 
0  0  4 48 --> MMF: -1 4 
0  0  4 49 --> MMF: -1 3 
0  0  4 50 --> MMF: -1 2 
0  0  4 51 --> MMF: -1 1 
0  0  4 52 --> MMF: -1 -1 
0  0  4 53 --> MMF: -2 0 
0  0  4 54 --> MMF: -2 3 
0  0  4 55 --> MMF: -4 6 
0  0  4 56 --> MMF: -5 11 
0  0  4 57 --> MMF: -5 13 
0  0  4 58 --> MMF: -5 18 
0  0  4 59 --> MMF: -7 21 
0  0  4 60 --> MMF: -9 25 
0  0  4 61 --> MMF: -9 26 
0  0  4 62 --> MMF: -9 28 
0  0  4 63 --> MMF: -9 29 
0  0  4 64 --> MMF: -9 30 
0  0  4 65 --> MMF: -8 28 
0  0  4 66 --> MMF: -8 28 
0  0  4 67 --> MMF: -5 25 
0  0  4 68 --> MMF: -3 22 
0  0  4 69 --> MMF: -1 20 
0  0  4 70 --> MMF: 11 5 
0  0  4 71 --> MMF: 12 3 
0  0  4 72 --> MMF: 18 -4 
0  0  4 73 --> MMF: 20 -7 
0  0  4 74 --> MMF: 28 -17 
0  0  4 75 --> MMF: 29 -18 
0  0  4 76 --> MMF: 32 -22 
0  0  4 77 --> MMF: 34 -24 
0  0  4 78 --> MMF: 37 -28 
0  0  4 79 --> MMF: 38 -29 
0  0  4 80 --> MMF: 39 -30 
0  0  4 81 --> MMF: 39 -30 
0  0  4 82 --> MMF: 36 -26 
0  0  4 83 --> MMF: 33 -20 
0  0  4 84 --> MMF: 27 -12 
0  0  4 85 --> MMF: 25 -10 
0  0  4 86 --> MMF: 19 -2 
0  0  4 87 --> MMF: 14 4 
0  0  4 88 --> MMF: 12 6 
0  0  4 89 --> MMF: 10 9 
0  0  4 90 --> MMF: 8 11 
0  0  4 91 --> MMF: 6 14 
0  0  4 92 --> MMF: 4 16 
0  0  4 93 --> MMF: 2 19 
0  0  4 94 --> MMF: 1 20 
0  0  4 95 --> MMF: 0 21 
0  0  4 96 --> MMF: -3 25 
0  0  4 97 --> MMF: -3 25 
0  0  4 98 --> MMF: -3 23 
0  0  4 99 --> MMF: -4 23 
0  0  4 100 --> MMF: -4 19 
0  0  4 101 --> MMF: -3 16 
0  0  4 102 --> MMF: -3 13 
0  0  4 103 --> MMF: -3 10 
0  0  4 104 --> MMF: -3 8 
0  0  4 105 --> MMF: -2 6 
0  0  4 106 --> MMF: -2 5 
0  0  4 107 --> MMF: -2 5 
0  0  4 108 --> MMF: -1 3 
0  0  4 109 --> MMF: 0 2 
0  0  4 110 --> MMF: 0 2 
0  0  4 111 --> MMF: 1 1 
0  0  4 112 --> MMF: 2 0 
0  0  4 113 --> MMF: 3 -2 
0  0  4 114 --> MMF: 4 -3 
0  0  4 115 --> MMF: 5 -4 
0  0  4 116 --> MMF: 5 -4 
0  0  4 117 --> MMF: 7 -6 
0  0  4 118 --> MMF: 8 -7 
0  0  4 119 --> MMF: 8 -7 
0  0  4 120 --> MMF: 8 -7 
0  0  4 121 --> MMF: 8 -7 
0  0  4 122 --> MMF: 7 -5 
0  0  4 123 --> MMF: 6 -4 
0  0  4 124 --> MMF: 5 -2 
0  0  4 125 --> MMF: 5 -2 
0  0  4 126 --> MMF: 2 2 
0  0  4 127 --> MMF: 2 2 
0  0  4 128 --> MMF: 2 2 
0  0  4 129 --> MMF: 2 2 
0  0  4 130 --> MMF: 2 2 
0  0  4 131 --> MMF: 2 1 
0  0  4 132 --> MMF: 2 1 
0  0  4 133 --> MMF: 2 1 
0  0  4 134 --> MMF: 2 1 
0  0  4 135 --> MMF: 3 0 
0  0  4 136 --> MMF: 3 0 
0  0  4 137 --> MMF: 3 0 
0  0  4 138 --> MMF: 3 -1 
0  0  4 139 --> MMF: 3 -2 
0  0  4 140 --> MMF: 2 -1 
0  0  4 141 --> MMF: 2 0 
0  0  4 142 --> MMF: 2 1 
0  0  4 143 --> MMF: 2 3 
0  0  4 144 --> MMF: 0 6 
0  0  4 145 --> MMF: 0 8 
0  0  4 146 --> MMF: 0 8 
0  0  4 147 --> MMF: -1 10 
0  0  4 148 --> MMF: -1 10 
0  0  4 149 --> MMF: -2 12 
0  0  4 150 --> MMF: -2 12 
0  0  4 151 --> MMF: -2 12 
0  0  4 152 --> MMF: -2 12 
0  0  4 153 --> MMF: -1 11 
0  0  4 154 --> MMF: 0 10 
0  0  4 155 --> MMF: 2 7 
0  0  4 156 --> MMF: 4 5 
0  0  4 157 --> MMF: 6 2 
0  0  4 158 --> MMF: 9 -2 
0  0  4 159 --> MMF: 11 -4 
0  0  4 160 --> MMF: 12 -5 
0  0  4 161 --> MMF: 16 -10 
0  0  4 162 --> MMF: 16 -10 
0  0  4 163 --> MMF: 16 -10 
0  0  4 164 --> MMF: 17 -12 
 4 --> 0 : 0 : 4 . 25 (48) 7 4 9 7 48 (0) 24 39 (112) 72
0  0  4 165 --> MMF: 18 -13 
0  0  4 166 --> MMF: 17 -12 
0  0  4 167 --> MMF: 16 -10 
0  0  4 168 --> MMF: 14 -8 
0  0  4 169 --> MMF: 14 -7 
0  0  4 170 --> MMF: 12 -4 
0  0  4 171 --> MMF: 11 -3 
0  0  4 172 --> MMF: 11 -3 
0  0  4 173 --> MMF: 11 -3 
0  0  4 174 --> MMF: 8 1 
0  0  4 175 --> MMF: 7 2 
0  0  4 176 --> MMF: 5 5 
0  0  4 177 --> MMF: 4 6 
0  0  4 178 --> MMF: 3 4 
0  0  4 179 --> MMF: 3 4 
0  0  4 180 --> MMF: 2 45 
0  0  4 181 --> MMF: 1 58 
0  0  4 182 --> MMF: 0 148 
0  0  4 183 --> MMF: 0 178 
0  0  4 184 --> MMF: 1 181 
0  0  4 185 --> MMF: 1 181 
0  0  4 186 --> MMF: 1 181 
0  0  4 187 --> MMF: 1 181 
0  0  4 188 --> MMF: 2 180 
0  0  4 189 --> MMF: 2 180 
0  0  4 190 --> MMF: 1 181 
0  0  4 191 --> MMF: 1 181 
0  0  4 192 --> MMF: 1 181 
0  0  4 193 --> MMF: 0 183 
0  0  4 194 --> MMF: -5 189 
0  0  4 195 --> MMF: 11 169 
0  0  4 196 --> MMF: 82 80 
0  0  4 197 --> MMF: 100 58 
0  0  4 198 --> MMF: 243 -121 
0  0  4 199 --> MMF: 291 -181 
0  0  5 0 --> MMF: 298 -190 
0  0  5 1 --> MMF: 296 -187 
0  0  5 2 --> MMF: 145 1 
0  0  5 3 --> MMF: 24 153 
0  0  5 4 --> MMF: 4 178 
0  0  5 5 --> MMF: 2 180 
0  0  5 6 --> MMF: 14 165 
0  0  5 7 --> MMF: 16 163 
0  0  5 8 --> MMF: 12 168 
0  0  5 9 --> MMF: 11 169 
0  0  5 10 --> MMF: 10 170 
0  0  5 11 --> MMF: 8 175 
0  0  5 12 --> MMF: 5 178 
0  0  5 13 --> MMF: 3 181 
0  0  5 14 --> MMF: 1 181 
0  0  5 15 --> MMF: 0 183 
0  0  5 16 --> MMF: -1 183 
0  0  5 17 --> MMF: -1 182 
0  0  5 18 --> MMF: 0 86 
0  0  5 19 --> MMF: 0 10 
0  0  5 20 --> MMF: 0 5 
0  0  5 21 --> MMF: 0 4 
0  0  5 22 --> MMF: 0 4 
0  0  5 23 --> MMF: 0 3 
0  0  5 24 --> MMF: 0 0 
0  0  5 25 --> MMF: 0 -2 
0  0  5 26 --> MMF: 0 -2 
0  0  5 27 --> MMF: -1 -2 
0  0  5 28 --> MMF: -2 -3 
0  0  5 29 --> MMF: -2 -2 
0  0  5 30 --> MMF: -5 6 
0  0  5 31 --> MMF: -5 10 
0  0  5 32 --> MMF: -6 14 
0  0  5 33 --> MMF: -6 15 
0  0  5 34 --> MMF: -6 20 
0  0  5 35 --> MMF: -8 24 
0  0  5 36 --> MMF: -8 26 
0  0  5 37 --> MMF: -9 28 
0  0  5 38 --> MMF: -9 29 
0  0  5 39 --> MMF: -11 31 
0  0  5 40 --> MMF: -11 31 
0  0  5 41 --> MMF: -13 34 
0  0  5 42 --> MMF: -7 26 
0  0  5 43 --> MMF: 0 18 
0  0  5 44 --> MMF: 5 11 
0  0  5 45 --> MMF: 6 10 
0  0  5 46 --> MMF: 13 1 
0  0  5 47 --> MMF: 20 -7 
0  0  5 48 --> MMF: 24 -12 
0  0  5 49 --> MMF: 25 -14 
0  0  5 50 --> MMF: 34 -25 
0  0  5 51 --> MMF: 36 -27 
0  0  5 52 --> MMF: 39 -31 
0  0  5 53 --> MMF: 40 -32 
0  0  5 54 --> MMF: 42 -35 
0  0  5 55 --> MMF: 42 -35 
0  0  5 56 --> MMF: 40 -32 
0  0  5 57 --> MMF: 39 -31 
0  0  5 58 --> MMF: 30 -16 
0  0  5 59 --> MMF: 26 -10 
0  0  5 60 --> MMF: 19 -2 
0  0  5 61 --> MMF: 18 0 
0  0  5 62 --> MMF: 12 7 
0  0  5 63 --> MMF: 10 10 
0  0  5 64 --> MMF: 10 10 
0  0  5 65 --> MMF: 10 10 
0  0  5 66 --> MMF: 9 11 
0  0  5 67 --> MMF: 7 13 
0  0  5 68 --> MMF: 3 18 
0  0  5 69 --> MMF: 0 22 
0  0  5 70 --> MMF: -2 25 
0  0  5 71 --> MMF: -3 26 
0  0  5 72 --> MMF: -3 25 
0  0  5 73 --> MMF: -6 28 
0  0  5 74 --> MMF: -6 22 
0  0  5 75 --> MMF: -6 20 
0  0  5 76 --> MMF: -6 15 
0  0  5 77 --> MMF: -6 15 
0  0  5 78 --> MMF: -6 11 
0  0  5 79 --> MMF: -6 10 
0  0  5 80 --> MMF: -5 8 
0  0  5 81 --> MMF: -3 6 
0  0  5 82 --> MMF: -2 4 
0  0  5 83 --> MMF: -1 1 
0  0  5 84 --> MMF: 0 0 
0  0  5 85 --> MMF: 2 -3 
0  0  5 86 --> MMF: 2 -3 
0  0  5 87 --> MMF: 2 -3 
0  0  5 88 --> MMF: 3 -4 
0  0  5 89 --> MMF: 4 -5 
0  0  5 90 --> MMF: 4 -5 
0  0  5 91 --> MMF: 4 -5 
0  0  5 92 --> MMF: 5 -7 
0  0  5 93 --> MMF: 5 -7 
0  0  5 94 --> MMF: 5 -7 
 4 --> 0 : 0 : 5 . 0 (18) 6 5 11 7 48 (16) 23 41 (2) 71
0  0  5 95 --> MMF: 6 -8 
0  0  5 96 --> MMF: 5 -6 
0  0  5 97 --> MMF: 5 -5 
0  0  5 98 --> MMF: 5 -4 
0  0  5 99 --> MMF: 4 -2 
0  0  5 100 --> MMF: 4 -2 
0  0  5 101 --> MMF: 4 -2 
0  0  5 102 --> MMF: 4 -2 
0  0  5 103 --> MMF: 3 0 
0  0  5 104 --> MMF: 3 0 
0  0  5 105 --> MMF: 3 0 
0  0  5 106 --> MMF: 3 0 
0  0  5 107 --> MMF: 3 0 
0  0  5 108 --> MMF: 3 0 
0  0  5 109 --> MMF: 3 0 
0  0  5 110 --> MMF: 2 0 
0  0  5 111 --> MMF: 2 0 
0  0  5 112 --> MMF: 2 0 
0  0  5 113 --> MMF: 2 0 
0  0  5 114 --> MMF: 2 0 
0  0  5 115 --> MMF: 2 -1 
0  0  5 116 --> MMF: 2 -1 
0  0  5 117 --> MMF: 2 0 
0  0  5 118 --> MMF: 2 4 
0  0  5 119 --> MMF: 2 5 
0  0  5 120 --> MMF: 1 8 
0  0  5 121 --> MMF: 1 9 
0  0  5 122 --> MMF: 1 10 
0  0  5 123 --> MMF: 0 11 
0  0  5 124 --> MMF: 0 12 
0  0  5 125 --> MMF: 0 12 
0  0  5 126 --> MMF: -1 13 
0  0  5 127 --> MMF: -1 13 
0  0  5 128 --> MMF: -1 13 
0  0  5 129 --> MMF: -1 13 
0  0  5 130 --> MMF: 0 12 
0  0  5 131 --> MMF: 1 11 
0  0  5 132 --> MMF: 4 7 
0  0  5 133 --> MMF: 6 5 
0  0  5 134 --> MMF: 12 -3 
0  0  5 135 --> MMF: 13 -4 
0  0  5 136 --> MMF: 17 -9 
0  0  5 137 --> MMF: 18 -10 
0  0  5 138 --> MMF: 20 -13 
0  0  5 139 --> MMF: 20 -13 
0  0  5 140 --> MMF: 21 -14 
0  0  5 141 --> MMF: 21 -14 
0  0  5 142 --> MMF: 18 -10 
0  0  5 143 --> MMF: 18 -10 
0  0  5 144 --> MMF: 14 -5 
0  0  5 145 --> MMF: 13 -4 
0  0  5 146 --> MMF: 11 -1 
0  0  5 147 --> MMF: 11 -1 
0  0  5 148 --> MMF: 10 0 
0  0  5 149 --> MMF: 11 -1 
0  0  5 150 --> MMF: 8 3 
0  0  5 151 --> MMF: 6 5 
0  0  5 152 --> MMF: 6 5 
0  0  5 153 --> MMF: 4 8 
0  0  5 154 --> MMF: 4 7 
0  0  5 155 --> MMF: 4 3 
0  0  5 156 --> MMF: 3 5 
0  0  5 157 --> MMF: 2 6 
0  0  5 158 --> MMF: 2 40 
0  0  5 159 --> MMF: 2 112 
0  0  5 160 --> MMF: 1 160 
0  0  5 161 --> MMF: 1 168 
0  0  5 162 --> MMF: 2 203 
0  0  5 163 --> MMF: 2 203 
0  0  5 164 --> MMF: 2 203 
0  0  5 165 --> MMF: 2 203 
0  0  5 166 --> MMF: 2 203 
0  0  5 167 --> MMF: 2 203 
0  0  5 168 --> MMF: 3 201 
0  0  5 169 --> MMF: 3 201 
0  0  5 170 --> MMF: -1 206 
0  0  5 171 --> MMF: -7 214 
0  0  5 172 --> MMF: -3 209 
0  0  5 173 --> MMF: 0 205 
0  0  5 174 --> MMF: 75 111 
0  0  5 175 --> MMF: 191 -34 
0  0  5 176 --> MMF: 266 -127 
0  0  5 177 --> MMF: 279 -144 
0  0  5 178 --> MMF: 336 -215 
0  0  5 179 --> MMF: 301 -171 
0  0  5 180 --> MMF: 212 -60 
0  0  5 181 --> MMF: 171 -9 
0  0  5 182 --> MMF: 9 194 
0  0  5 183 --> MMF: 5 199 
0  0  5 184 --> MMF: 13 189 
0  0  5 185 --> MMF: 15 186 
0  0  5 186 --> MMF: 15 186 
0  0  5 187 --> MMF: 11 191 
0  0  5 188 --> MMF: 10 195 
0  0  5 189 --> MMF: 9 198 
0  0  5 190 --> MMF: 8 200 
0  0  5 191 --> MMF: 6 201 
0  0  5 192 --> MMF: 5 203 
0  0  5 193 --> MMF: 2 206 
0  0  5 194 --> MMF: 2 205 
0  0  5 195 --> MMF: 2 183 
0  0  5 196 --> MMF: 1 128 
0  0  5 197 --> MMF: 0 104 
0  0  5 198 --> MMF: 0 6 
0  0  5 199 --> MMF: 0 5 
0  0  6 0 --> MMF: 0 5 
0  0  6 1 --> MMF: 0 5 
0  0  6 2 --> MMF: 0 5 
0  0  6 3 --> MMF: 0 1 
0  0  6 4 --> MMF: 0 0 
0  0  6 5 --> MMF: 0 0 
0  0  6 6 --> MMF: 0 -1 
0  0  6 7 --> MMF: -1 -1 
0  0  6 8 --> MMF: -1 -2 
0  0  6 9 --> MMF: -2 -2 
0  0  6 10 --> MMF: -3 -1 
0  0  6 11 --> MMF: -3 2 
0  0  6 12 --> MMF: -4 6 
0  0  6 13 --> MMF: -4 6 
0  0  6 14 --> MMF: -5 14 
0  0  6 15 --> MMF: -6 18 
0  0  6 16 --> MMF: -7 22 
0  0  6 17 --> MMF: -7 23 
0  0  6 18 --> MMF: -7 25 
0  0  6 19 --> MMF: -9 28 
0  0  6 20 --> MMF: -9 29 
0  0  6 21 --> MMF: -9 30 
0  0  6 22 --> MMF: -9 30 
0  0  6 23 --> MMF: -8 28 
0  0  6 24 --> MMF: -6 26 
0  0  6 25 --> MMF: -4 23 
0  0  6 26 --> MMF: 0 18 
0  0  6 27 --> MMF: 7 10 
0  0  6 28 --> MMF: 11 5 
0  0  6 29 --> MMF: 12 3 
0  0  6 30 --> MMF: 22 -9 
0  0  6 31 --> MMF: 26 -14 
0  0  6 32 --> MMF: 31 -20 
0  0  6 33 --> MMF: 33 -23 
0  0  6 34 --> MMF: 36 -27 
0  0  6 35 --> MMF: 37 -28 
0  0  6 36 --> MMF: 38 -29 
0  0  6 37 --> MMF: 39 -30 
0  0  6 38 --> MMF: 39 -30 
0  0  6 39 --> MMF: 39 -30 
0  0  6 40 --> MMF: 36 -25 
0  0  6 41 --> MMF: 35 -22 
0  0  6 42 --> MMF: 22 -5 
0  0  6 43 --> MMF: 20 -2 
0  0  6 44 --> MMF: 18 0 
0  0  6 45 --> MMF: 17 1 
0  0  6 46 --> MMF: 12 8 
0  0  6 47 --> MMF: 11 9 
0  0  6 48 --> MMF: 8 13 
0  0  6 49 --> MMF: 6 15 
0  0  6 50 --> MMF: 4 18 
0  0  6 51 --> MMF: 4 18 
0  0  6 52 --> MMF: 3 19 
0  0  6 53 --> MMF: 0 23 
0  0  6 54 --> MMF: 0 23 
0  0  6 55 --> MMF: 0 23 
0  0  6 56 --> MMF: -1 22 
0  0  6 57 --> MMF: -2 23 
0  0  6 58 --> MMF: -1 13 
0  0  6 59 --> MMF: -1 12 
0  0  6 60 --> MMF: -1 11 
0  0  6 61 --> MMF: 0 9 
0  0  6 62 --> MMF: 0 6 
0  0  6 63 --> MMF: 0 5 
0  0  6 64 --> MMF: 0 3 
0  0  6 65 --> MMF: 1 1 
0  0  6 66 --> MMF: 1 1 
0  0  6 67 --> MMF: 1 1 
0  0  6 68 --> MMF: 2 0 
0  0  6 69 --> MMF: 2 0 
0  0  6 70 --> MMF: 2 0 
0  0  6 71 --> MMF: 2 0 
0  0  6 72 --> MMF: 4 -2 
0  0  6 73 --> MMF: 4 -2 
0  0  6 74 --> MMF: 5 -3 
0  0  6 75 --> MMF: 6 -4 
0  0  6 76 --> MMF: 7 -5 
0  0  6 77 --> MMF: 7 -5 
0  0  6 78 --> MMF: 7 -5 
0  0  6 79 --> MMF: 7 -5 
0  0  6 80 --> MMF: 6 -4 
0  0  6 81 --> MMF: 6 -4 
0  0  6 82 --> MMF: 5 -2 
0  0  6 83 --> MMF: 5 -2 
0  0  6 84 --> MMF: 5 -2 
0  0  6 85 --> MMF: 5 -2 
0  0  6 86 --> MMF: 2 1 
0  0  6 87 --> MMF: 2 1 
0  0  6 88 --> MMF: 2 1 
0  0  6 89 --> MMF: 2 1 
0  0  6 90 --> MMF: 1 2 
0  0  6 91 --> MMF: 3 -1 
0  0  6 92 --> MMF: 3 -2 
0  0  6 93 --> MMF: 3 -2 
0  0  6 94 --> MMF: 3 -2 
0  0  6 95 --> MMF: 3 -2 
0  0  6 96 --> MMF: 2 -1 
0  0  6 97 --> MMF: 1 0 
0  0  6 98 --> MMF: 1 0 
0  0  6 99 --> MMF: 1 0 
0  0  6 100 --> MMF: 1 0 
0  0  6 101 --> MMF: 1 0 
0  0  6 102 --> MMF: 1 3 
0  0  6 103 --> MMF: 1 4 
0  0  6 104 --> MMF: 0 8 
0  0  6 105 --> MMF: 0 8 
0  0  6 106 --> MMF: -1 10 
0  0  6 107 --> MMF: -2 11 
0  0  6 108 --> MMF: -3 14 
 4 --> 0 : 0 : 5 . 178 (-1) 7 5 9 8 49 (0) 25 44 (0) 77
0  0  6 109 --> MMF: -3 14 
0  0  6 110 --> MMF: -2 13 
0  0  6 111 --> MMF: -2 13 
0  0  6 112 --> MMF: -2 13 
0  0  6 113 --> MMF: -1 11 
0  0  6 114 --> MMF: 1 9 
0  0  6 115 --> MMF: 2 8 
0  0  6 116 --> MMF: 4 5 
0  0  6 117 --> MMF: 6 3 
0  0  6 118 --> MMF: 10 -2 
0  0  6 119 --> MMF: 12 -5 
0  0  6 120 --> MMF: 16 -10 
0  0  6 121 --> MMF: 17 -11 
0  0  6 122 --> MMF: 18 -12 
0  0  6 123 --> MMF: 18 -12 
0  0  6 124 --> MMF: 20 -15 
0  0  6 125 --> MMF: 19 -14 
0  0  6 126 --> MMF: 18 -12 
0  0  6 127 --> MMF: 16 -9 
0  0  6 128 --> MMF: 13 -5 
0  0  6 129 --> MMF: 12 -4 
0  0  6 130 --> MMF: 11 -2 
0  0  6 131 --> MMF: 11 -2 
0  0  6 132 --> MMF: 9 1 
0  0  6 133 --> MMF: 9 1 
0  0  6 134 --> MMF: 7 3 
0  0  6 135 --> MMF: 6 5 
0  0  6 136 --> MMF: 4 3 
0  0  6 137 --> MMF: 4 3 
0  0  6 138 --> MMF: 4 6 
0  0  6 139 --> MMF: 3 63 
0  0  6 140 --> MMF: 2 147 
0  0  6 141 --> MMF: 2 156 
0  0  6 142 --> MMF: 2 205 
0  0  6 143 --> MMF: 2 205 
0  0  6 144 --> MMF: 1 206 
0  0  6 145 --> MMF: 3 204 
0  0  6 146 --> MMF: 3 204 
0  0  6 147 --> MMF: 3 204 
0  0  6 148 --> MMF: 3 204 
0  0  6 149 --> MMF: 3 204 
0  0  6 150 --> MMF: 2 205 
0  0  6 151 --> MMF: 0 208 
0  0  6 152 --> MMF: -6 215 
0  0  6 153 --> MMF: -7 216 
0  0  6 154 --> MMF: 25 176 
0  0  6 155 --> MMF: 115 64 
0  0  6 156 --> MMF: 247 -101 
0  0  6 157 --> MMF: 262 -120 
0  0  6 158 --> MMF: 340 -217 
0  0  6 159 --> MMF: 322 -195 
0  0  6 160 --> MMF: 245 -99 
0  0  6 161 --> MMF: 207 -51 
0  0  6 162 --> MMF: 7 199 
0  0  6 163 --> MMF: 3 204 
0  0  6 164 --> MMF: 14 190 
0  0  6 165 --> MMF: 16 188 
0  0  6 166 --> MMF: 16 188 
0  0  6 167 --> MMF: 14 190 
0  0  6 168 --> MMF: 13 191 
0  0  6 169 --> MMF: 12 193 
0  0  6 170 --> MMF: 10 198 
0  0  6 171 --> MMF: 7 202 
0  0  6 172 --> MMF: 7 202 
0  0  6 173 --> MMF: 4 206 
0  0  6 174 --> MMF: 3 206 
0  0  6 175 --> MMF: 3 195 
0  0  6 176 --> MMF: 3 146 
0  0  6 177 --> MMF: 3 121 
0  0  6 178 --> MMF: 3 2 
0  0  6 179 --> MMF: 3 1 
0  0  6 180 --> MMF: 3 0 
0  0  6 181 --> MMF: 1 2 
0  0  6 182 --> MMF: -2 5 
0  0  6 183 --> MMF: -1 3 
0  0  6 184 --> MMF: -1 2 
0  0  6 185 --> MMF: -1 1 
0  0  6 186 --> MMF: -1 0 
0  0  6 187 --> MMF: -1 -2 
0  0  6 188 --> MMF: -2 1 
0  0  6 189 --> MMF: -2 1 
0  0  6 190 --> MMF: -4 9 
0  0  6 191 --> MMF: -4 12 
0  0  6 192 --> MMF: -4 14 
0  0  6 193 --> MMF: -6 18 
0  0  6 194 --> MMF: -6 23 
0  0  6 195 --> MMF: -8 26 
0  0  6 196 --> MMF: -9 28 
0  0  6 197 --> MMF: -10 30 
0  0  6 198 --> MMF: -11 32 
0  0  6 199 --> MMF: -10 31 
0  0  7 0 --> MMF: -8 28 
0  0  7 1 --> MMF: -6 26 
0  0  7 2 --> MMF: 0 18 
0  0  7 3 --> MMF: 5 12 
0  0  7 4 --> MMF: 9 7 
0  0  7 5 --> MMF: 10 6 
0  0  7 6 --> MMF: 18 -4 
0  0  7 7 --> MMF: 23 -10 
0  0  7 8 --> MMF: 26 -14 
0  0  7 9 --> MMF: 28 -17 
0  0  7 10 --> MMF: 36 -27 
0  0  7 11 --> MMF: 38 -29 
0  0  7 12 --> MMF: 39 -30 
0  0  7 13 --> MMF: 40 -32 
0  0  7 14 --> MMF: 41 -33 
0  0  7 15 --> MMF: 40 -31 
0  0  7 16 --> MMF: 38 -27 
0  0  7 17 --> MMF: 37 -25 
0  0  7 18 --> MMF: 25 -9 
0  0  7 19 --> MMF: 23 -7 
0  0  7 20 --> MMF: 20 -3 
0  0  7 21 --> MMF: 19 -2 
0  0  7 22 --> MMF: 12 7 
0  0  7 23 --> MMF: 8 12 
0  0  7 24 --> MMF: 6 15 
0  0  7 25 --> MMF: 5 16 
0  0  7 26 --> MMF: 2 20 
0  0  7 27 --> MMF: 1 21 
0  0  7 28 --> MMF: 0 22 
0  0  7 29 --> MMF: -2 25 
0  0  7 30 --> MMF: -4 27 
0  0  7 31 --> MMF: -4 26 
0  0  7 32 --> MMF: -4 25 
0  0  7 33 --> MMF: -5 26 
0  0  7 34 --> MMF: -4 17 
0  0  7 35 --> MMF: -3 15 
0  0  7 36 --> MMF: -3 13 
0  0  7 37 --> MMF: -3 12 
0  0  7 38 --> MMF: -1 5 
0  0  7 39 --> MMF: -1 3 
0  0  7 40 --> MMF: -1 1 
0  0  7 41 --> MMF: 0 0 
0  0  7 42 --> MMF: 1 -2 
0  0  7 43 --> MMF: 1 -2 
0  0  7 44 --> MMF: 2 -3 
0  0  7 45 --> MMF: 3 -4 
0  0  7 46 --> MMF: 3 -4 
0  0  7 47 --> MMF: 3 -4 
0  0  7 48 --> MMF: 5 -7 
 4 --> 0 : 0 : 6 . 158 (3) 5 5 9 0 49 (32) 14 40 (28) 72
0  0  7 49 --> MMF: 5 -7 
0  0  7 50 --> MMF: 5 -6 
0  0  7 51 --> MMF: 5 -5 
0  0  7 52 --> MMF: 5 -5 
0  0  7 53 --> MMF: 4 -4 
0  0  7 54 --> MMF: 4 -3 
0  0  7 55 --> MMF: 4 -3 
0  0  7 56 --> MMF: 4 -3 
0  0  7 57 --> MMF: 3 -1 
0  0  7 58 --> MMF: 3 -1 
0  0  7 59 --> MMF: 3 -1 
0  0  7 60 --> MMF: 3 -1 
0  0  7 61 --> MMF: 3 -1 
0  0  7 62 --> MMF: 3 -1 
0  0  7 63 --> MMF: 3 -1 
0  0  7 64 --> MMF: 3 -1 
0  0  7 65 --> MMF: 3 -1 
0  0  7 66 --> MMF: 3 -1 
0  0  7 67 --> MMF: 3 -1 
0  0  7 68 --> MMF: 3 -1 
0  0  7 69 --> MMF: 3 0 
0  0  7 70 --> MMF: 1 6 
0  0  7 71 --> MMF: 1 8 
0  0  7 72 --> MMF: 1 9 
0  0  7 73 --> MMF: 0 11 
0  0  7 74 --> MMF: 1 12 
0  0  7 75 --> MMF: 2 11 
0  0  7 76 --> MMF: 2 11 
0  0  7 77 --> MMF: 2 11 
0  0  7 78 --> MMF: 2 11 
0  0  7 79 --> MMF: 2 11 
0  0  7 80 --> MMF: 2 11 
0  0  7 81 --> MMF: 2 11 
0  0  7 82 --> MMF: 3 10 
0  0  7 83 --> MMF: 3 10 
0  0  7 84 --> MMF: 5 7 
0  0  7 85 --> MMF: 7 5 
0  0  7 86 --> MMF: 13 -3 
0  0  7 87 --> MMF: 15 -5 
0  0  7 88 --> MMF: 17 -8 
0  0  7 89 --> MMF: 19 -10 
0  0  7 90 --> MMF: 22 -14 
0  0  7 91 --> MMF: 22 -14 
0  0  7 92 --> MMF: 22 -14 
0  0  7 93 --> MMF: 22 -14 
0  0  7 94 --> MMF: 19 -10 
0  0  7 95 --> MMF: 15 -5 
0  0  7 96 --> MMF: 14 -4 
0  0  7 97 --> MMF: 13 -3 
0  0  7 98 --> MMF: 13 -3 
0  0  7 99 --> MMF: 12 -2 
0  0  7 100 --> MMF: 10 1 
0  0  7 101 --> MMF: 9 2 
0  0  7 102 --> MMF: 6 3 
0  0  7 103 --> MMF: 6 3 
0  0  7 104 --> MMF: 5 59 
0  0  7 105 --> MMF: 5 73 
0  0  7 106 --> MMF: 3 156 
0  0  7 107 --> MMF: 3 177 
0  0  7 108 --> MMF: 2 178 
0  0  7 109 --> MMF: 2 178 
0  0  7 110 --> MMF: 2 178 
0  0  7 111 --> MMF: 2 178 
0  0  7 112 --> MMF: 4 176 
0  0  7 113 --> MMF: 4 176 
0  0  7 114 --> MMF: 4 176 
0  0  7 115 --> MMF: 4 176 
0  0  7 116 --> MMF: 4 176 
0  0  7 117 --> MMF: 3 177 
0  0  7 118 --> MMF: -4 186 
0  0  7 119 --> MMF: 21 155 
0  0  7 120 --> MMF: 109 45 
0  0  7 121 --> MMF: 132 16 
0  0  7 122 --> MMF: 261 -145 
0  0  7 123 --> MMF: 294 -187 
0  0  7 124 --> MMF: 263 -148 
0  0  7 125 --> MMF: 252 -134 
0  0  7 126 --> MMF: 97 60 
0  0  7 127 --> MMF: 7 172 
0  0  7 128 --> MMF: 13 165 
0  0  7 129 --> MMF: 15 162 
0  0  7 130 --> MMF: 18 158 
0  0  7 131 --> MMF: 15 162 
0  0  7 132 --> MMF: 13 165 
0  0  7 133 --> MMF: 12 166 
0  0  7 134 --> MMF: 10 168 
0  0  7 135 --> MMF: 7 173 
0  0  7 136 --> MMF: 5 176 
0  0  7 137 --> MMF: 3 178 
0  0  7 138 --> MMF: 3 177 
0  0  7 139 --> MMF: 3 176 
0  0  7 140 --> MMF: 0 160 
0  0  7 141 --> MMF: 0 153 
0  0  7 142 --> MMF: 0 55 
0  0  7 143 --> MMF: 0 5 
0  0  7 144 --> MMF: 0 5 
0  0  7 145 --> MMF: 0 4 
0  0  7 146 --> MMF: 0 4 
0  0  7 147 --> MMF: -1 3 
0  0  7 148 --> MMF: -1 2 
0  0  7 149 --> MMF: -1 1 
0  0  7 150 --> MMF: -2 1 
0  0  7 151 --> MMF: -2 3 
0  0  7 152 --> MMF: -2 5 
0  0  7 153 --> MMF: -3 7 
0  0  7 154 --> MMF: -4 14 
0  0  7 155 --> MMF: -5 17 
0  0  7 156 --> MMF: -7 23 
0  0  7 157 --> MMF: -7 24 
0  0  7 158 --> MMF: -8 28 
0  0  7 159 --> MMF: -10 31 
0  0  7 160 --> MMF: -10 32 
0  0  7 161 --> MMF: -11 33 
0  0  7 162 --> MMF: -10 32 
0  0  7 163 --> MMF: -9 31 
0  0  7 164 --> MMF: -7 28 
0  0  7 165 --> MMF: -4 25 
0  0  7 166 --> MMF: 0 20 
0  0  7 167 --> MMF: 12 5 
0  0  7 168 --> MMF: 15 1 
0  0  7 169 --> MMF: 17 -2 
0  0  7 170 --> MMF: 26 -13 
0  0  7 171 --> MMF: 29 -17 
0  0  7 172 --> MMF: 34 -23 
0  0  7 173 --> MMF: 36 -25 
0  0  7 174 --> MMF: 40 -30 
0  0  7 175 --> MMF: 41 -32 
0  0  7 176 --> MMF: 43 -34 
0  0  7 177 --> MMF: 43 -34 
0  0  7 178 --> MMF: 40 -30 
0  0  7 179 --> MMF: 37 -25 
0  0  7 180 --> MMF: 35 -22 
0  0  7 181 --> MMF: 32 -17 
0  0  7 182 --> MMF: 18 0 
0  0  7 183 --> MMF: 14 5 
0  0  7 184 --> MMF: 13 6 
0  0  7 185 --> MMF: 12 8 
0  0  7 186 --> MMF: 10 10 
0  0  7 187 --> MMF: 7 14 
0  0  7 188 --> MMF: 3 19 
0  0  7 189 --> MMF: 2 20 
0  0  7 190 --> MMF: -1 24 
0  0  7 191 --> MMF: -3 26 
0  0  7 192 --> MMF: -4 28 
0  0  7 193 --> MMF: -6 30 
0  0  7 194 --> MMF: -6 28 
0  0  7 195 --> MMF: -6 26 
0  0  7 196 --> MMF: -6 25 
0  0  7 197 --> MMF: -6 23 
0  0  7 198 --> MMF: -5 13 
0  0  7 199 --> MMF: -4 10 
0  0  8 0 --> MMF: -4 9 
0  0  8 1 --> MMF: -2 6 
0  0  8 2 --> MMF: -2 5 
0  0  8 3 --> MMF: -1 1 
0  0  8 4 --> MMF: 0 0 
0  0  8 5 --> MMF: 1 -2 
0  0  8 6 --> MMF: 1 -2 
0  0  8 7 --> MMF: 1 -2 
0  0  8 8 --> MMF: 3 -4 
0  0  8 9 --> MMF: 3 -4 
0  0  8 10 --> MMF: 3 -4 
0  0  8 11 --> MMF: 4 -5 
0  0  8 12 --> MMF: 4 -5 
0  0  8 13 --> MMF: 4 -5 
0  0  8 14 --> MMF: 5 -6 
0  0  8 15 --> MMF: 5 -5 
0  0  8 16 --> MMF: 5 -5 
0  0  8 17 --> MMF: 5 -4 
0  0  8 18 --> MMF: 6 -5 
0  0  8 19 --> MMF: 6 -5 
0  0  8 20 --> MMF: 4 -2 
0  0  8 21 --> MMF: 3 -2 
0  0  8 22 --> MMF: 3 -2 
0  0  8 23 --> MMF: 3 -2 
0  0  8 24 --> MMF: 2 0 
0  0  8 25 --> MMF: 2 0 
0  0  8 26 --> MMF: 2 0 
0  0  8 27 --> MMF: 2 0 
0  0  8 28 --> MMF: 2 0 
0  0  8 29 --> MMF: 2 0 
0  0  8 30 --> MMF: 2 0 
0  0  8 31 --> MMF: 2 1 
0  0  8 32 --> MMF: 1 5 
0  0  8 33 --> MMF: 0 7 
0  0  8 34 --> MMF: 0 8 
0  0  8 35 --> MMF: 0 8 
0  0  8 36 --> MMF: -1 11 
0  0  8 37 --> MMF: -2 13 
0  0  8 38 --> MMF: -2 13 
0  0  8 39 --> MMF: -2 13 
0  0  8 40 --> MMF: -2 13 
 2 --> 0 : 0 : 7 . 123 (16) 5 4 7 7 49 (16) 12 38 (29) 70
0  0  8 41 --> MMF: -2 13 
0  0  8 42 --> MMF: 0 10 
0  0  8 43 --> MMF: 0 10 
0  0  8 44 --> MMF: 1 9 
0  0  8 45 --> MMF: 2 8 
0  0  8 46 --> MMF: 6 3 
0  0  8 47 --> MMF: 9 -1 
0  0  8 48 --> MMF: 12 -5 
0  0  8 49 --> MMF: 14 -7 
0  0  8 50 --> MMF: 15 -9 
0  0  8 51 --> MMF: 16 -10 
0  0  8 52 --> MMF: 19 -14 
0  0  8 53 --> MMF: 19 -14 
0  0  8 54 --> MMF: 19 -14 
0  0  8 55 --> MMF: 18 -12 
0  0  8 56 --> MMF: 16 -10 
0  0  8 57 --> MMF: 14 -7 
0  0  8 58 --> MMF: 11 -2 
0  0  8 59 --> MMF: 11 -2 
0  0  8 60 --> MMF: 10 -1 
0  0  8 61 --> MMF: 9 0 
0  0  8 62 --> MMF: 7 3 
0  0  8 63 --> MMF: 7 3 
0  0  8 64 --> MMF: 6 3 
0  0  8 65 --> MMF: 5 3 
0  0  8 66 --> MMF: 4 4 
0  0  8 67 --> MMF: 4 10 
0  0  8 68 --> MMF: 4 63 
0  0  8 69 --> MMF: 3 78 
0  0  8 70 --> MMF: 3 134 
0  0  8 71 --> MMF: 2 177 
0  0  8 72 --> MMF: 3 176 
0  0  8 73 --> MMF: 3 176 
0  0  8 74 --> MMF: 3 176 
0  0  8 75 --> MMF: 4 175 
0  0  8 76 --> MMF: 5 173 
0  0  8 77 --> MMF: 5 173 
0  0  8 78 --> MMF: 5 173 
0  0  8 79 --> MMF: 5 173 
0  0  8 80 --> MMF: -2 182 
0  0  8 81 --> MMF: -4 185 
0  0  8 82 --> MMF: -2 182 
0  0  8 83 --> MMF: 29 143 
0  0  8 84 --> MMF: 114 37 
0  0  8 85 --> MMF: 135 11 
0  0  8 86 --> MMF: 225 -102 
0  0  8 87 --> MMF: 292 -185 
0  0  8 88 --> MMF: 290 -183 
0  0  8 89 --> MMF: 285 -177 
0  0  8 90 --> MMF: 120 30 
0  0  8 91 --> MMF: 15 161 
0  0  8 92 --> MMF: 3 176 
0  0  8 93 --> MMF: 4 175 
0  0  8 94 --> MMF: 19 156 
0  0  8 95 --> MMF: 19 156 
0  0  8 96 --> MMF: 16 160 
0  0  8 97 --> MMF: 16 160 
0  0  8 98 --> MMF: 13 165 
0  0  8 99 --> MMF: 11 167 
0  0  8 100 --> MMF: 8 171 
0  0  8 101 --> MMF: 6 173 
0  0  8 102 --> MMF: 5 175 
0  0  8 103 --> MMF: 3 176 
0  0  8 104 --> MMF: 2 175 
0  0  8 105 --> MMF: 2 171 
0  0  8 106 --> MMF: 1 70 
0  0  8 107 --> MMF: 1 6 
0  0  8 108 --> MMF: 1 5 
0  0  8 109 --> MMF: 1 5 
0  0  8 110 --> MMF: 0 5 
0  0  8 111 --> MMF: 0 5 
0  0  8 112 --> MMF: 0 3 
0  0  8 113 --> MMF: -2 6 
0  0  8 114 --> MMF: -2 4 
0  0  8 115 --> MMF: -2 3 
0  0  8 116 --> MMF: -2 1 
0  0  8 117 --> MMF: -2 2 
0  0  8 118 --> MMF: -2 8 
0  0  8 119 --> MMF: -4 13 
0  0  8 120 --> MMF: -5 19 
0  0  8 121 --> MMF: -6 21 
0  0  8 122 --> MMF: -6 25 
0  0  8 123 --> MMF: -7 29 
0  0  8 124 --> MMF: -8 32 
0  0  8 125 --> MMF: -9 34 
0  0  8 126 --> MMF: -10 36 
0  0  8 127 --> MMF: -10 36 
0  0  8 128 --> MMF: -10 36 
0  0  8 129 --> MMF: -10 36 
0  0  8 130 --> MMF: -5 30 
0  0  8 131 --> MMF: 0 24 
0  0  8 132 --> MMF: 8 14 
0  0  8 133 --> MMF: 10 11 
0  0  8 134 --> MMF: 20 -1 
0  0  8 135 --> MMF: 24 -6 
0  0  8 136 --> MMF: 31 -15 
0  0  8 137 --> MMF: 33 -17 
0  0  8 138 --> MMF: 39 -25 
0  0  8 139 --> MMF: 43 -30 
0  0  8 140 --> MMF: 46 -34 
0  0  8 141 --> MMF: 47 -35 
0  0  8 142 --> MMF: 49 -37 
0  0  8 143 --> MMF: 49 -37 
0  0  8 144 --> MMF: 47 -35 
0  0  8 145 --> MMF: 46 -34 
0  0  8 146 --> MMF: 35 -17 
0  0  8 147 --> MMF: 30 -9 
0  0  8 148 --> MMF: 22 1 
0  0  8 149 --> MMF: 21 3 
0  0  8 150 --> MMF: 15 10 
0  0  8 151 --> MMF: 11 15 
0  0  8 152 --> MMF: 9 18 
0  0  8 153 --> MMF: 6 21 
0  0  8 154 --> MMF: 3 25 
0  0  8 155 --> MMF: 2 26 
0  0  8 156 --> MMF: 0 29 
0  0  8 157 --> MMF: -1 30 
0  0  8 158 --> MMF: -1 30 
0  0  8 159 --> MMF: -2 31 
0  0  8 160 --> MMF: -2 30 
0  0  8 161 --> MMF: -1 28 
0  0  8 162 --> MMF: -1 21 
0  0  8 163 --> MMF: -1 18 
0  0  8 164 --> MMF: -1 13 
0  0  8 165 --> MMF: 2 9 
0  0  8 166 --> MMF: 2 5 
0  0  8 167 --> MMF: 2 3 
0  0  8 168 --> MMF: 3 0 
0  0  8 169 --> MMF: 3 0 
0  0  8 170 --> MMF: 4 -2 
0  0  8 171 --> MMF: 5 -3 
0  0  8 172 --> MMF: 7 -5 
0  0  8 173 --> MMF: 7 -5 
0  0  8 174 --> MMF: 7 -5 
0  0  8 175 --> MMF: 8 -7 
0  0  8 176 --> MMF: 7 -5 
0  0  8 177 --> MMF: 7 -5 
0  0  8 178 --> MMF: 7 -5 
0  0  8 179 --> MMF: 7 -5 
0  0  8 180 --> MMF: 5 -2 
0  0  8 181 --> MMF: 5 -2 
0  0  8 182 --> MMF: 5 -2 
0  0  8 183 --> MMF: 4 0 
0  0  8 184 --> MMF: 4 -1 
0  0  8 185 --> MMF: 3 0 
0  0  8 186 --> MMF: 3 0 
0  0  8 187 --> MMF: 3 0 
0  0  8 188 --> MMF: 2 1 
0  0  8 189 --> MMF: 2 1 
0  0  8 190 --> MMF: 2 1 
0  0  8 191 --> MMF: 3 0 
0  0  8 192 --> MMF: 3 -1 
0  0  8 193 --> MMF: 2 0 
0  0  8 194 --> MMF: 2 0 
0  0  8 195 --> MMF: 2 0 
0  0  8 196 --> MMF: 2 1 
0  0  8 197 --> MMF: 1 3 
0  0  8 198 --> MMF: 1 5 
0  0  8 199 --> MMF: 1 5 
0  0  9 0 --> MMF: -1 9 
0  0  9 1 --> MMF: -2 11 
0  0  9 2 --> MMF: -2 12 
0  0  9 3 --> MMF: -2 12 
0  0  9 4 --> MMF: -2 12 
0  0  9 5 --> MMF: -1 11 
0  0  9 6 --> MMF: -1 11 
0  0  9 7 --> MMF: -1 11 
0  0  9 8 --> MMF: 0 10 
0  0  9 9 --> MMF: 1 9 
0  0  9 10 --> MMF: 3 6 
0  0  9 11 --> MMF: 4 5 
0  0  9 12 --> MMF: 8 0 
0  0  9 13 --> MMF: 9 -1 
0  0  9 14 --> MMF: 12 -5 
0  0  9 15 --> MMF: 13 -6 
0  0  9 16 --> MMF: 15 -9 
0  0  9 17 --> MMF: 16 -10 
0  0  9 18 --> MMF: 18 -12 
0  0  9 19 --> MMF: 18 -12 
0  0  9 20 --> MMF: 18 -12 
 4 --> 0 : 0 : 8 . 87 (32) 6 5 8 8 46 (14) 16 42 (24) 72
0  0  9 21 --> MMF: 19 -13 
0  0  9 22 --> MMF: 12 -4 
0  0  9 23 --> MMF: 11 -3 
0  0  9 24 --> MMF: 9 0 
0  0  9 25 --> MMF: 9 0 
0  0  9 26 --> MMF: 8 1 
0  0  9 27 --> MMF: 8 1 
0  0  9 28 --> MMF: 6 4 
0  0  9 29 --> MMF: 5 5 
0  0  9 30 --> MMF: 5 5 
0  0  9 31 --> MMF: 5 2 
0  0  9 32 --> MMF: 3 3 
0  0  9 33 --> MMF: 2 4 
0  0  9 34 --> MMF: 2 21 
0  0  9 35 --> MMF: 2 85 
0  0  9 36 --> MMF: 1 143 
0  0  9 37 --> MMF: 1 151 
0  0  9 38 --> MMF: 1 191 
0  0  9 39 --> MMF: 1 191 
0  0  9 40 --> MMF: 1 191 
0  0  9 41 --> MMF: 1 191 
0  0  9 42 --> MMF: 3 188 
0  0  9 43 --> MMF: 3 188 
0  0  9 44 --> MMF: 4 187 
0  0  9 45 --> MMF: 4 187 
0  0  9 46 --> MMF: 4 187 
0  0  9 47 --> MMF: -5 198 
0  0  9 48 --> MMF: -8 202 
0  0  9 49 --> MMF: -7 201 
0  0  9 50 --> MMF: 46 135 
0  0  9 51 --> MMF: 149 6 
0  0  9 52 --> MMF: 239 -107 
0  0  9 53 --> MMF: 253 -124 
0  0  9 54 --> MMF: 316 -203 
0  0  9 55 --> MMF: 281 -159 
0  0  9 56 --> MMF: 196 -53 
0  0  9 57 --> MMF: 157 -4 
0  0  9 58 --> MMF: 2 190 
0  0  9 59 --> MMF: 0 192 
0  0  9 60 --> MMF: 11 178 
0  0  9 61 --> MMF: 14 175 
0  0  9 62 --> MMF: 14 175 
0  0  9 63 --> MMF: 12 177 
0  0  9 64 --> MMF: 11 178 
0  0  9 65 --> MMF: 11 179 
0  0  9 66 --> MMF: 7 187 
0  0  9 67 --> MMF: 6 188 
0  0  9 68 --> MMF: 5 190 
0  0  9 69 --> MMF: 4 191 
0  0  9 70 --> MMF: 2 193 
0  0  9 71 --> MMF: 2 170 
0  0  9 72 --> MMF: 2 116 
0  0  9 73 --> MMF: 0 95 
0  0  9 74 --> MMF: 0 5 
0  0  9 75 --> MMF: 0 4 
0  0  9 76 --> MMF: 0 3 
0  0  9 77 --> MMF: 0 2 
0  0  9 78 --> MMF: 0 2 
0  0  9 79 --> MMF: -1 2 
0  0  9 80 --> MMF: -2 3 
0  0  9 81 --> MMF: -2 3 
0  0  9 82 --> MMF: -2 0 
0  0  9 83 --> MMF: -2 0 
0  0  9 84 --> MMF: -2 5 
0  0  9 85 --> MMF: -2 5 
0  0  9 86 --> MMF: -3 10 
0  0  9 87 --> MMF: -5 17 
0  0  9 88 --> MMF: -5 20 
0  0  9 89 --> MMF: -5 20 
0  0  9 90 --> MMF: -6 23 
0  0  9 91 --> MMF: -7 26 
0  0  9 92 --> MMF: -8 27 
0  0  9 93 --> MMF: -10 31 
0  0  9 94 --> MMF: -9 30 
0  0  9 95 --> MMF: -8 28 
0  0  9 96 --> MMF: -6 26 
0  0  9 97 --> MMF: -4 23 
0  0  9 98 --> MMF: 0 18 
0  0  9 99 --> MMF: 7 10 
0  0  9 100 --> MMF: 14 1 
0  0  9 101 --> MMF: 15 0 
0  0  9 102 --> MMF: 20 -7 
0  0  9 103 --> MMF: 28 -17 
0  0  9 104 --> MMF: 32 -22 
0  0  9 105 --> MMF: 33 -23 
0  0  9 106 --> MMF: 36 -27 
0  0  9 107 --> MMF: 38 -29 
0  0  9 108 --> MMF: 38 -29 
0  0  9 109 --> MMF: 40 -32 
0  0  9 110 --> MMF: 40 -31 
0  0  9 111 --> MMF: 37 -27 
0  0  9 112 --> MMF: 35 -23 
0  0  9 113 --> MMF: 34 -20 
0  0  9 114 --> MMF: 26 -10 
0  0  9 115 --> MMF: 18 0 
0  0  9 116 --> MMF: 15 4 
0  0  9 117 --> MMF: 13 6 
0  0  9 118 --> MMF: 10 10 
0  0  9 119 --> MMF: 7 14 
0  0  9 120 --> MMF: 5 16 
0  0  9 121 --> MMF: 4 18 
0  0  9 122 --> MMF: 3 19 
0  0  9 123 --> MMF: 2 20 
0  0  9 124 --> MMF: 0 23 
0  0  9 125 --> MMF: 0 23 
0  0  9 126 --> MMF: -2 25 
0  0  9 127 --> MMF: -3 25 
0  0  9 128 --> MMF: -3 23 
0  0  9 129 --> MMF: -3 23 
0  0  9 130 --> MMF: -3 18 
0  0  9 131 --> MMF: -3 13 
0  0  9 132 --> MMF: -1 8 
0  0  9 133 --> MMF: -1 7 
0  0  9 134 --> MMF: -1 5 
0  0  9 135 --> MMF: 0 2 
0  0  9 136 --> MMF: 1 1 
0  0  9 137 --> MMF: 1 1 
0  0  9 138 --> MMF: 2 0 
0  0  9 139 --> MMF: 3 -2 
0  0  9 140 --> MMF: 4 -3 
0  0  9 141 --> MMF: 5 -4 
0  0  9 142 --> MMF: 6 -5 
0  0  9 143 --> MMF: 6 -5 
0  0  9 144 --> MMF: 6 -5 
0  0  9 145 --> MMF: 7 -7 
0  0  9 146 --> MMF: 7 -7 
0  0  9 147 --> MMF: 7 -7 
0  0  9 148 --> MMF: 7 -5 
0  0  9 149 --> MMF: 6 -4 
0  0  9 150 --> MMF: 5 -3 
0  0  9 151 --> MMF: 5 -2 
0  0  9 152 --> MMF: 5 -3 
0  0  9 153 --> MMF: 2 1 
0  0  9 154 --> MMF: 2 0 
0  0  9 155 --> MMF: 2 0 
0  0  9 156 --> MMF: 2 0 
0  0  9 157 --> MMF: 2 -1 
0  0  9 158 --> MMF: 2 -1 
0  0  9 159 --> MMF: 3 -2 
0  0  9 160 --> MMF: 3 -2 
0  0  9 161 --> MMF: 3 -2 
0  0  9 162 --> MMF: 3 -2 
0  0  9 163 --> MMF: 3 -2 
0  0  9 164 --> MMF: 1 0 
0  0  9 165 --> MMF: 1 0 
0  0  9 166 --> MMF: 0 0 
0  0  9 167 --> MMF: 0 0 
0  0  9 168 --> MMF: -1 3 
0  0  9 169 --> MMF: -1 4 
0  0  9 170 --> MMF: -2 7 
0  0  9 171 --> MMF: -2 8 
0  0  9 172 --> MMF: -2 8 
0  0  9 173 --> MMF: -4 12 
0  0  9 174 --> MMF: -4 13 
0  0  9 175 --> MMF: -3 11 
0  0  9 176 --> MMF: -3 11 
0  0  9 177 --> MMF: -3 11 
0  0  9 178 --> MMF: -3 11 
0  0  9 179 --> MMF: -3 11 
0  0  9 180 --> MMF: -2 10 
0  0  9 181 --> MMF: 0 8 
0  0  9 182 --> MMF: 1 6 
0  0  9 183 --> MMF: 4 3 
0  0  9 184 --> MMF: 7 -1 
0  0  9 185 --> MMF: 9 -4 
0  0  9 186 --> MMF: 12 -7 
0  0  9 187 --> MMF: 13 -9 
0  0  9 188 --> MMF: 14 -10 
0  0  9 189 --> MMF: 16 -12 
0  0  9 190 --> MMF: 17 -14 
0  0  9 191 --> MMF: 17 -13 
0  0  9 192 --> MMF: 16 -12 
0  0  9 193 --> MMF: 15 -10 
0  0  9 194 --> MMF: 10 -4 
0  0  9 195 --> MMF: 7 0 
0  0  9 196 --> MMF: 7 0 
0  0  9 197 --> MMF: 7 1 
0  0  9 198 --> MMF: 7 1 
0  0  9 199 --> MMF: 8 0 
0  0  10 0 --> MMF: 7 1 
0  0  10 1 --> MMF: 6 3 
0  0  10 2 --> MMF: 5 4 
0  0  10 3 --> MMF: 5 4 
0  0  10 4 --> MMF: 4 5 
0  0  10 5 --> MMF: 4 5 
0  0  10 6 --> MMF: 3 6 
0  0  10 7 --> MMF: 2 10 
0  0  10 8 --> MMF: 2 47 
0  0  10 9 --> MMF: 2 56 
0  0  10 10 --> MMF: 0 153 
0  0  10 11 --> MMF: 0 195 
0  0  10 12 --> MMF: 2 208 
0  0  10 13 --> MMF: 2 209 
 2 --> 0 : 0 : 9 . 54 (-7) 6 5 8 8 50 (0) 13 39 (7) 73
0  0  10 14 --> MMF: 2 209 
0  0  10 15 --> MMF: 3 208 
0  0  10 16 --> MMF: 4 206 
0  0  10 17 --> MMF: 4 206 
0  0  10 18 --> MMF: 4 206 
0  0  10 19 --> MMF: 4 206 
0  0  10 20 --> MMF: 0 211 
0  0  10 21 --> MMF: -1 213 
0  0  10 22 --> MMF: 1 210 
0  0  10 23 --> MMF: 22 184 
0  0  10 24 --> MMF: 81 110 
0  0  10 25 --> MMF: 96 91 
0  0  10 26 --> MMF: 246 -96 
0  0  10 27 --> MMF: 314 -181 
0  0  10 28 --> MMF: 338 -211 
0  0  10 29 --> MMF: 340 -214 
0  0  10 30 --> MMF: 257 -110 
0  0  10 31 --> MMF: 107 78 
0  0  10 32 --> MMF: 19 188 
0  0  10 33 --> MMF: 12 196 
0  0  10 34 --> MMF: 11 198 
0  0  10 35 --> MMF: 18 189 
0  0  10 36 --> MMF: 18 189 
0  0  10 37 --> MMF: 18 189 
0  0  10 38 --> MMF: 16 191 
0  0  10 39 --> MMF: 15 193 
0  0  10 40 --> MMF: 12 196 
0  0  10 41 --> MMF: 11 198 
0  0  10 42 --> MMF: 8 201 
0  0  10 43 --> MMF: 7 202 
0  0  10 44 --> MMF: 4 205 
0  0  10 45 --> MMF: 4 205 
0  0  10 46 --> MMF: 2 156 
0  0  10 47 --> MMF: 2 62 
0  0  10 48 --> MMF: 2 6 
0  0  10 49 --> MMF: 2 4 
0  0  10 50 --> MMF: 1 5 
0  0  10 51 --> MMF: 0 6 
0  0  10 52 --> MMF: 0 5 
0  0  10 53 --> MMF: -1 6 
0  0  10 54 --> MMF: -1 5 
0  0  10 55 --> MMF: -1 4 
0  0  10 56 --> MMF: -1 2 
0  0  10 57 --> MMF: -1 1 
0  0  10 58 --> MMF: -2 1 
0  0  10 59 --> MMF: -2 0 
0  0  10 60 --> MMF: -3 4 
0  0  10 61 --> MMF: -3 5 
0  0  10 62 --> MMF: -3 8 
0  0  10 63 --> MMF: -2 11 
0  0  10 64 --> MMF: -5 17 
0  0  10 65 --> MMF: -7 21 
0  0  10 66 --> MMF: -8 24 
0  0  10 67 --> MMF: -8 25 
0  0  10 68 --> MMF: -9 27 
0  0  10 69 --> MMF: -9 27 
0  0  10 70 --> MMF: -10 28 
0  0  10 71 --> MMF: -9 27 
0  0  10 72 --> MMF: -8 26 
0  0  10 73 --> MMF: -6 23 
0  0  10 74 --> MMF: 2 13 
0  0  10 75 --> MMF: 5 10 
0  0  10 76 --> MMF: 11 2 
0  0  10 77 --> MMF: 13 0 
0  0  10 78 --> MMF: 18 -7 
0  0  10 79 --> MMF: 24 -14 
0  0  10 80 --> MMF: 28 -19 
0  0  10 81 --> MMF: 30 -22 
0  0  10 82 --> MMF: 33 -25 
0  0  10 83 --> MMF: 35 -28 
0  0  10 84 --> MMF: 36 -29 
0  0  10 85 --> MMF: 36 -29 
0  0  10 86 --> MMF: 35 -28 
0  0  10 87 --> MMF: 34 -26 
0  0  10 88 --> MMF: 29 -19 
0  0  10 89 --> MMF: 27 -15 
0  0  10 90 --> MMF: 18 -4 
0  0  10 91 --> MMF: 13 2 
0  0  10 92 --> MMF: 13 2 
0  0  10 93 --> MMF: 11 5 
0  0  10 94 --> MMF: 8 8 
0  0  10 95 --> MMF: 6 11 
0  0  10 96 --> MMF: 3 15 
0  0  10 97 --> MMF: 1 17 
0  0  10 98 --> MMF: 0 18 
0  0  10 99 --> MMF: -1 20 
0  0  10 100 --> MMF: -4 23 
0  0  10 101 --> MMF: -5 25 
0  0  10 102 --> MMF: -5 24 
0  0  10 103 --> MMF: -5 23 
0  0  10 104 --> MMF: -6 21 
0  0  10 105 --> MMF: -6 20 
0  0  10 106 --> MMF: -6 15 
0  0  10 107 --> MMF: -6 11 
0  0  10 108 --> MMF: -5 10 
0  0  10 109 --> MMF: -3 6 
0  0  10 110 --> MMF: -3 5 
0  0  10 111 --> MMF: -3 5 
0  0  10 112 --> MMF: -1 3 
0  0  10 113 --> MMF: -1 3 
0  0  10 114 --> MMF: 1 0 
0  0  10 115 --> MMF: 2 -1 
0  0  10 116 --> MMF: 3 -2 
0  0  10 117 --> MMF: 4 -4 
0  0  10 118 --> MMF: 6 -6 
0  0  10 119 --> MMF: 6 -6 
0  0  10 120 --> MMF: 6 -6 
0  0  10 121 --> MMF: 8 -9 
0  0  10 122 --> MMF: 8 -9 
0  0  10 123 --> MMF: 8 -9 
0  0  10 124 --> MMF: 8 -8 
0  0  10 125 --> MMF: 9 -8 
0  0  10 126 --> MMF: 7 -5 
0  0  10 127 --> MMF: 6 -4 
0  0  10 128 --> MMF: 6 -4 
0  0  10 129 --> MMF: 5 -2 
0  0  10 130 --> MMF: 3 0 
0  0  10 131 --> MMF: 3 0 
0  0  10 132 --> MMF: 3 -1 
0  0  10 133 --> MMF: 2 0 
0  0  10 134 --> MMF: 2 0 
0  0  10 135 --> MMF: 2 0 
0  0  10 136 --> MMF: 1 1 
0  0  10 137 --> MMF: 1 1 
0  0  10 138 --> MMF: 1 1 
0  0  10 139 --> MMF: 1 1 
0  0  10 140 --> MMF: 1 1 
0  0  10 141 --> MMF: 1 1 
0  0  10 142 --> MMF: 0 1 
0  0  10 143 --> MMF: 0 1 
0  0  10 144 --> MMF: -2 5 
0  0  10 145 --> MMF: -2 6 
0  0  10 146 --> MMF: -3 9 
0  0  10 147 --> MMF: -3 10 
0  0  10 148 --> MMF: -4 11 
0  0  10 149 --> MMF: -4 13 
0  0  10 150 --> MMF: -5 15 
0  0  10 151 --> MMF: -5 15 
0  0  10 152 --> MMF: -5 15 
 2 --> 0 : 0 : 10 . 29 (4) 8 5 10 8 55 (-1) 15 41 (35) 72
0  0  10 153 --> MMF: -5 15 
0  0  10 154 --> MMF: -4 13 
0  0  10 155 --> MMF: -3 12 
0  0  10 156 --> MMF: -1 10 
0  0  10 157 --> MMF: 0 8 
0  0  10 158 --> MMF: 3 5 
0  0  10 159 --> MMF: 8 -2 
0  0  10 160 --> MMF: 10 -4 
0  0  10 161 --> MMF: 12 -7 
0  0  10 162 --> MMF: 14 -9 
0  0  10 163 --> MMF: 15 -10 
0  0  10 164 --> MMF: 15 -10 
0  0  10 165 --> MMF: 18 -14 
0  0  10 166 --> MMF: 19 -15 
0  0  10 167 --> MMF: 18 -14 
0  0  10 168 --> MMF: 16 -12 
0  0  10 169 --> MMF: 15 -10 
0  0  10 170 --> MMF: 11 -5 
0  0  10 171 --> MMF: 9 -2 
0  0  10 172 --> MMF: 8 1 
0  0  10 173 --> MMF: 7 3 
0  0  10 174 --> MMF: 7 3 
0  0  10 175 --> MMF: 7 3 
0  0  10 176 --> MMF: 7 3 
0  0  10 177 --> MMF: 7 3 
0  0  10 178 --> MMF: 6 4 
0  0  10 179 --> MMF: 5 5 
0  0  10 180 --> MMF: 3 6 
0  0  10 181 --> MMF: 3 5 
0  0  10 182 --> MMF: 3 5 
0  0  10 183 --> MMF: 3 34 
0  0  10 184 --> MMF: 2 104 
0  0  10 185 --> MMF: 3 119 
0  0  10 186 --> MMF: 3 185 
0  0  10 187 --> MMF: 3 201 
0  0  10 188 --> MMF: 3 201 
0  0  10 189 --> MMF: 3 201 
0  0  10 190 --> MMF: 3 201 
0  0  10 191 --> MMF: 3 201 
0  0  10 192 --> MMF: 5 199 
0  0  10 193 --> MMF: 6 198 
0  0  10 194 --> MMF: 5 199 
0  0  10 195 --> MMF: 4 200 
0  0  10 196 --> MMF: -2 208 
0  0  10 197 --> MMF: -4 210 
0  0  10 198 --> MMF: 8 195 
0  0  10 199 --> MMF: 65 124 
0  0  11 0 --> MMF: 175 -14 
0  0  11 1 --> MMF: 201 -46 
0  0  11 2 --> MMF: 307 -179 
0  0  11 3 --> MMF: 333 -211 
0  0  11 4 --> MMF: 308 -180 
0  0  11 5 --> MMF: 299 -169 
0  0  11 6 --> MMF: 152 15 
0  0  11 7 --> MMF: 15 186 
0  0  11 8 --> MMF: 9 194 
0  0  11 9 --> MMF: 9 194 
0  0  11 10 --> MMF: 22 178 
0  0  11 11 --> MMF: 18 183 
0  0  11 12 --> MMF: 17 184 
0  0  11 13 --> MMF: 15 186 
0  0  11 14 --> MMF: 14 189 
0  0  11 15 --> MMF: 13 190 
0  0  11 16 --> MMF: 10 194 
0  0  11 17 --> MMF: 8 196 
0  0  11 18 --> MMF: 6 198 
0  0  11 19 --> MMF: 6 197 
0  0  11 20 --> MMF: 4 184 
0  0  11 21 --> MMF: 4 178 
0  0  11 22 --> MMF: 4 86 
0  0  11 23 --> MMF: 4 4 
0  0  11 24 --> MMF: 3 5 
0  0  11 25 --> MMF: 3 5 
0  0  11 26 --> MMF: 2 6 
0  0  11 27 --> MMF: 1 3 
0  0  11 28 --> MMF: 0 4 
0  0  11 29 --> MMF: 0 3 
0  0  11 30 --> MMF: -2 5 
0  0  11 31 --> MMF: -2 4 
0  0  11 32 --> MMF: -2 2 
0  0  11 33 --> MMF: -2 1 
0  0  11 34 --> MMF: -3 8 
0  0  11 35 --> MMF: -5 12 
0  0  11 36 --> MMF: -5 15 
0  0  11 37 --> MMF: -6 18 
0  0  11 38 --> MMF: -6 23 
0  0  11 39 --> MMF: -7 26 
0  0  11 40 --> MMF: -7 29 
0  0  11 41 --> MMF: -7 30 
0  0  11 42 --> MMF: -8 32 
0  0  11 43 --> MMF: -10 35 
0  0  11 44 --> MMF: -10 35 
0  0  11 45 --> MMF: -10 35 
0  0  11 46 --> MMF: -7 31 
0  0  11 47 --> MMF: -1 24 
0  0  11 48 --> MMF: 3 19 
0  0  11 49 --> MMF: 4 18 
0  0  11 50 --> MMF: 17 1 
0  0  11 51 --> MMF: 20 -2 
0  0  11 52 --> MMF: 25 -9 
0  0  11 53 --> MMF: 28 -12 
0  0  11 54 --> MMF: 36 -22 
0  0  11 55 --> MMF: 38 -25 
0  0  11 56 --> MMF: 43 -31 
0  0  11 57 --> MMF: 45 -34 
0  0  11 58 --> MMF: 46 -35 
0  0  11 59 --> MMF: 47 -36 
0  0  11 60 --> MMF: 45 -34 
0  0  11 61 --> MMF: 44 -32 
0  0  11 62 --> MMF: 36 -20 
0  0  11 63 --> MMF: 31 -12 
0  0  11 64 --> MMF: 21 0 
0  0  11 65 --> MMF: 18 4 
0  0  11 66 --> MMF: 13 10 
0  0  11 67 --> MMF: 11 13 
0  0  11 68 --> MMF: 11 13 
0  0  11 69 --> MMF: 8 16 
0  0  11 70 --> MMF: 6 19 
0  0  11 71 --> MMF: 5 20 
0  0  11 72 --> MMF: 3 23 
0  0  11 73 --> MMF: 0 26 
0  0  11 74 --> MMF: -1 28 
0  0  11 75 --> MMF: -2 29 
0  0  11 76 --> MMF: -2 28 
0  0  11 77 --> MMF: -3 28 
0  0  11 78 --> MMF: -3 23 
0  0  11 79 --> MMF: -3 20 
0  0  11 80 --> MMF: -4 15 
0  0  11 81 --> MMF: -2 11 
0  0  11 82 --> MMF: -1 6 
0  0  11 83 --> MMF: -1 5 
0  0  11 84 --> MMF: -1 5 
0  0  11 85 --> MMF: 1 1 
0  0  11 86 --> MMF: 1 0 
0  0  11 87 --> MMF: 1 0 
0  0  11 88 --> MMF: 3 -2 
0  0  11 89 --> MMF: 4 -4 
0  0  11 90 --> MMF: 4 -4 
0  0  11 91 --> MMF: 4 -4 
0  0  11 92 --> MMF: 7 -7 
0  0  11 93 --> MMF: 7 -7 
0  0  11 94 --> MMF: 7 -7 
0  0  11 95 --> MMF: 7 -7 
0  0  11 96 --> MMF: 7 -7 
0  0  11 97 --> MMF: 5 -4 
0  0  11 98 --> MMF: 5 -3 
0  0  11 99 --> MMF: 5 -3 
0  0  11 100 --> MMF: 3 0 
0  0  11 101 --> MMF: 3 0 
0  0  11 102 --> MMF: 3 0 
0  0  11 103 --> MMF: 3 0 
0  0  11 104 --> MMF: 2 1 
0  0  11 105 --> MMF: 2 1 
0  0  11 106 --> MMF: 2 1 
0  0  11 107 --> MMF: 2 1 
0  0  11 108 --> MMF: 2 1 
0  0  11 109 --> MMF: 3 0 
0  0  11 110 --> MMF: 2 1 
0  0  11 111 --> MMF: 2 1 
0  0  11 112 --> MMF: 2 1 
0  0  11 113 --> MMF: 2 0 
0  0  11 114 --> MMF: 2 3 
0  0  11 115 --> MMF: 2 3 
0  0  11 116 --> MMF: 2 6 
0  0  11 117 --> MMF: 1 8 
0  0  11 118 --> MMF: 1 10 
0  0  11 119 --> MMF: 1 10 
0  0  11 120 --> MMF: 0 12 
0  0  11 121 --> MMF: 0 13 
0  0  11 122 --> MMF: 0 13 
0  0  11 123 --> MMF: 0 13 
0  0  11 124 --> MMF: 0 13 
0  0  11 125 --> MMF: 0 13 
0  0  11 126 --> MMF: 0 13 
 3 --> 0 : 0 : 11 . 3 (19) 6 6 10 7 50 (0) 23 42 (-112) 72
0  0  11 127 --> MMF: 0 13 
0  0  11 128 --> MMF: 1 12 
0  0  11 129 --> MMF: 2 11 
0  0  11 130 --> MMF: 9 2 
0  0  11 131 --> MMF: 10 1 
0  0  11 132 --> MMF: 14 -4 
0  0  11 133 --> MMF: 15 -5 
0  0  11 134 --> MMF: 18 -9 
0  0  11 135 --> MMF: 18 -9 
0  0  11 136 --> MMF: 20 -12 
0  0  11 137 --> MMF: 21 -13 
0  0  11 138 --> MMF: 22 -14 
0  0  11 139 --> MMF: 22 -14 
0  0  11 140 --> MMF: 22 -14 
0  0  11 141 --> MMF: 22 -14 
0  0  11 142 --> MMF: 16 -7 
0  0  11 143 --> MMF: 16 -7 
0  0  11 144 --> MMF: 14 -4 
0  0  11 145 --> MMF: 12 -2 
0  0  11 146 --> MMF: 11 0 
0  0  11 147 --> MMF: 10 1 
0  0  11 148 --> MMF: 7 5 
0  0  11 149 --> MMF: 5 7 
0  0  11 150 --> MMF: 5 7 
0  0  11 151 --> MMF: 5 4 
0  0  11 152 --> MMF: 5 4 
0  0  11 153 --> MMF: 3 6 
0  0  11 154 --> MMF: 3 56 
0  0  11 155 --> MMF: 3 137 
0  0  11 156 --> MMF: 3 177 
0  0  11 157 --> MMF: 3 185 
0  0  11 158 --> MMF: 3 205 
0  0  11 159 --> MMF: 3 205 
0  0  11 160 --> MMF: 2 206 
0  0  11 161 --> MMF: 3 205 
0  0  11 162 --> MMF: 3 205 
0  0  11 163 --> MMF: 4 204 
0  0  11 164 --> MMF: 5 203 
0  0  11 165 --> MMF: 5 203 
0  0  11 166 --> MMF: 3 205 
0  0  11 167 --> MMF: -5 215 
0  0  11 168 --> MMF: -1 210 
0  0  11 169 --> MMF: 0 209 
0  0  11 170 --> MMF: 102 81 
0  0  11 171 --> MMF: 231 -80 
0  0  11 172 --> MMF: 295 -160 
0  0  11 173 --> MMF: 307 -175 
0  0  11 174 --> MMF: 340 -216 
0  0  11 175 --> MMF: 286 -149 
0  0  11 176 --> MMF: 162 6 
0  0  11 177 --> MMF: 124 54 
0  0  11 178 --> MMF: 7 200 
0  0  11 179 --> MMF: 12 194 
0  0  11 180 --> MMF: 21 183 
0  0  11 181 --> MMF: 21 183 
0  0  11 182 --> MMF: 18 186 
0  0  11 183 --> MMF: 17 188 
0  0  11 184 --> MMF: 15 191 
0  0  11 185 --> MMF: 13 194 
0  0  11 186 --> MMF: 9 199 
0  0  11 187 --> MMF: 7 201 
0  0  11 188 --> MMF: 5 204 
0  0  11 189 --> MMF: 4 205 
0  0  11 190 --> MMF: 2 208 
0  0  11 191 --> MMF: 2 173 
0  0  11 192 --> MMF: 2 95 
0  0  11 193 --> MMF: 0 74 
0  0  11 194 --> MMF: 0 7 
0  0  11 195 --> MMF: 0 7 
0  0  11 196 --> MMF: -1 8 
0  0  11 197 --> MMF: -1 8 
0  0  11 198 --> MMF: -1 6 
0  0  11 199 --> MMF: -1 5 
0  0  12 0 --> MMF: -3 6 
0  0  12 1 --> MMF: -3 5 
0  0  12 2 --> MMF: -3 3 
0  0  12 3 --> MMF: -3 1 
0  0  12 4 --> MMF: -3 3 
0  0  12 5 --> MMF: -3 4 
0  0  12 6 --> MMF: -3 10 
0  0  12 7 --> MMF: -4 15 
0  0  12 8 --> MMF: -5 18 
0  0  12 9 --> MMF: -5 20 
0  0  12 10 --> MMF: -9 26 
0  0  12 11 --> MMF: -9 28 
0  0  12 12 --> MMF: -9 30 
0  0  12 13 --> MMF: -9 31 
0  0  12 14 --> MMF: -10 32 
0  0  12 15 --> MMF: -10 32 
0  0  12 16 --> MMF: -8 30 
0  0  12 17 --> MMF: -8 30 
0  0  12 18 --> MMF: -4 25 
0  0  12 19 --> MMF: 4 15 
0  0  12 20 --> MMF: 10 7 
0  0  12 21 --> MMF: 11 6 
0  0  12 22 --> MMF: 21 -7 
0  0  12 23 --> MMF: 27 -14 
0  0  12 24 --> MMF: 30 -18 
0  0  12 25 --> MMF: 33 -22 
0  0  12 26 --> MMF: 35 -24 
0  0  12 27 --> MMF: 37 -27 
0  0  12 28 --> MMF: 40 -30 
0  0  12 29 --> MMF: 42 -33 
0  0  12 30 --> MMF: 42 -33 
0  0  12 31 --> MMF: 41 -32 
0  0  12 32 --> MMF: 39 -28 
0  0  12 33 --> MMF: 38 -27 
0  0  12 34 --> MMF: 33 -19 
0  0  12 35 --> MMF: 27 -12 
0  0  12 36 --> MMF: 23 -7 
0  0  12 37 --> MMF: 22 -5 
0  0  12 38 --> MMF: 13 6 
0  0  12 39 --> MMF: 11 8 
0  0  12 40 --> MMF: 9 11 
0  0  12 41 --> MMF: 8 12 
0  0  12 42 --> MMF: 5 16 
0  0  12 43 --> MMF: 4 17 
0  0  12 44 --> MMF: 1 21 
0  0  12 45 --> MMF: 0 22 
0  0  12 46 --> MMF: -3 26 
0  0  12 47 --> MMF: -4 26 
0  0  12 48 --> MMF: -5 26 
 4 --> 0 : 0 : 11 . 174 (0) 7 4 9 7 47 (1) 24 41 (0) 75
0  0  12 49 --> MMF: -6 27 
0  0  12 50 --> MMF: -6 24 
0  0  12 51 --> MMF: -6 20 
0  0  12 52 --> MMF: -4 15 
0  0  12 53 --> MMF: -4 15 
0  0  12 54 --> MMF: -3 8 
0  0  12 55 --> MMF: -2 5 
0  0  12 56 --> MMF: -1 3 
0  0  12 57 --> MMF: -1 2 
0  0  12 58 --> MMF: 1 -2 
0  0  12 59 --> MMF: 2 -4 
0  0  12 60 --> MMF: 2 -4 
0  0  12 61 --> MMF: 2 -4 
0  0  12 62 --> MMF: 4 -6 
0  0  12 63 --> MMF: 4 -6 
0  0  12 64 --> MMF: 4 -6 
0  0  12 65 --> MMF: 5 -7 
0  0  12 66 --> MMF: 5 -7 
0  0  12 67 --> MMF: 5 -7 
0  0  12 68 --> MMF: 5 -6 
0  0  12 69 --> MMF: 5 -6 
0  0  12 70 --> MMF: 5 -5 
0  0  12 71 --> MMF: 5 -5 
0  0  12 72 --> MMF: 5 -4 
0  0  12 73 --> MMF: 3 -2 
0  0  12 74 --> MMF: 3 -1 
0  0  12 75 --> MMF: 3 -1 
0  0  12 76 --> MMF: 3 -1 
0  0  12 77 --> MMF: 2 -1 
0  0  12 78 --> MMF: 3 -2 
0  0  12 79 --> MMF: 3 -2 
0  0  12 80 --> MMF: 3 -2 
0  0  12 81 --> MMF: 3 -2 
0  0  12 82 --> MMF: 4 -4 
0  0  12 83 --> MMF: 2 -1 
0  0  12 84 --> MMF: 2 -2 
0  0  12 85 --> MMF: 2 -2 
0  0  12 86 --> MMF: 2 -2 
0  0  12 87 --> MMF: 2 -2 
0  0  12 88 --> MMF: 2 -2 
0  0  12 89 --> MMF: 1 -1 
0  0  12 90 --> MMF: 1 -1 
0  0  12 91 --> MMF: 1 -1 
0  0  12 92 --> MMF: 0 1 
0  0  12 93 --> MMF: -2 5 
0  0  12 94 --> MMF: -2 6 
0  0  12 95 --> MMF: -1 6 
0  0  12 96 --> MMF: -1 8 
0  0  12 97 --> MMF: -1 8 
0  0  12 98 --> MMF: -1 8 
0  0  12 99 --> MMF: -1 9 
0  0  12 100 --> MMF: -3 12 
0  0  12 101 --> MMF: -3 12 
0  0  12 102 --> MMF: -3 12 
0  0  12 103 --> MMF: -3 12 
0  0  12 104 --> MMF: -2 11 
0  0  12 105 --> MMF: 0 8 
0  0  12 106 --> MMF: 2 6 
0  0  12 107 --> MMF: 4 3 
0  0  12 108 --> MMF: 6 1 
0  0  12 109 --> MMF: 8 -2 
0  0  12 110 --> MMF: 10 -4 
0  0  12 111 --> MMF: 11 -5 
0  0  12 112 --> MMF: 14 -9 
0  0  12 113 --> MMF: 14 -9 
0  0  12 114 --> MMF: 15 -10 
0  0  12 115 --> MMF: 16 -12 
0  0  12 116 --> MMF: 17 -13 
0  0  12 117 --> MMF: 17 -13 
0  0  12 118 --> MMF: 14 -9 
0  0  12 119 --> MMF: 13 -8 
0  0  12 120 --> MMF: 11 -5 
0  0  12 121 --> MMF: 11 -4 
0  0  12 122 --> MMF: 11 -4 
0  0  12 123 --> MMF: 10 -2 
0  0  12 124 --> MMF: 9 -1 
0  0  12 125 --> MMF: 9 -1 
0  0  12 126 --> MMF: 5 4 
0  0  12 127 --> MMF: 5 4 
0  0  12 128 --> MMF: 5 4 
0  0  12 129 --> MMF: 3 6 
0  0  12 130 --> MMF: 2 3 
0  0  12 131 --> MMF: 2 3 
0  0  12 132 --> MMF: 2 10 
0  0  12 133 --> MMF: 1 17 
0  0  12 134 --> MMF: 1 143 
0  0  12 135 --> MMF: 2 176 
0  0  12 136 --> MMF: 2 201 
0  0  12 137 --> MMF: 2 205 
0  0  12 138 --> MMF: 3 203 
0  0  12 139 --> MMF: 4 202 
0  0  12 140 --> MMF: 4 202 
0  0  12 141 --> MMF: 4 202 
0  0  12 142 --> MMF: 4 202 
0  0  12 143 --> MMF: 4 202 
0  0  12 144 --> MMF: 3 203 
0  0  12 145 --> MMF: 2 205 
0  0  12 146 --> MMF: -7 216 
0  0  12 147 --> MMF: 0 207 
0  0  12 148 --> MMF: 27 173 
0  0  12 149 --> MMF: 37 161 
0  0  12 150 --> MMF: 238 -90 
0  0  12 151 --> MMF: 294 -160 
0  0  12 152 --> MMF: 333 -209 
0  0  12 153 --> MMF: 339 -217 
0  0  12 154 --> MMF: 273 -134 
0  0  12 155 --> MMF: 126 50 
0  0  12 156 --> MMF: 18 185 
0  0  12 157 --> MMF: 10 195 
0  0  12 158 --> MMF: 6 200 
0  0  12 159 --> MMF: 17 186 
0  0  12 160 --> MMF: 17 186 
0  0  12 161 --> MMF: 17 186 
0  0  12 162 --> MMF: 13 191 
0  0  12 163 --> MMF: 12 195 
0  0  12 164 --> MMF: 8 200 
0  0  12 165 --> MMF: 8 200 
0  0  12 166 --> MMF: 6 202 
0  0  12 167 --> MMF: 5 203 
0  0  12 168 --> MMF: 3 206 
0  0  12 169 --> MMF: 3 205 
0  0  12 170 --> MMF: 2 165 
0  0  12 171 --> MMF: 2 73 
0  0  12 172 --> MMF: 2 5 
0  0  12 173 --> MMF: 2 3 
0  0  12 174 --> MMF: 2 2 
0  0  12 175 --> MMF: 2 2 
0  0  12 176 --> MMF: 1 3 
0  0  12 177 --> MMF: 0 4 
0  0  12 178 --> MMF: -3 5 
0  0  12 179 --> MMF: -1 2 
0  0  12 180 --> MMF: -1 0 
0  0  12 181 --> MMF: -1 0 
0  0  12 182 --> MMF: 0 1 
0  0  12 183 --> MMF: -1 6 
0  0  12 184 --> MMF: -2 11 
0  0  12 185 --> MMF: -4 14 
0  0  12 186 --> MMF: -5 19 
0  0  12 187 --> MMF: -5 21 
0  0  12 188 --> MMF: -6 25 
0  0  12 189 --> MMF: -7 27 
0  0  12 190 --> MMF: -9 30 
0  0  12 191 --> MMF: -9 31 
0  0  12 192 --> MMF: -9 31 
0  0  12 193 --> MMF: -10 32 
0  0  12 194 --> MMF: -9 31 
0  0  12 195 --> MMF: -7 28 
0  0  12 196 --> MMF: 1 18 
0  0  12 197 --> MMF: 4 15 
0  0  12 198 --> MMF: 12 5 
0  0  12 199 --> MMF: 19 -4 
0  0  13 0 --> MMF: 24 -10 
0  0  13 1 --> MMF: 25 -12 
0  0  13 2 --> MMF: 31 -19 
0  0  13 3 --> MMF: 35 -24 
0  0  13 4 --> MMF: 38 -28 
0  0  13 5 --> MMF: 40 -30 
0  0  13 6 --> MMF: 41 -32 
0  0  13 7 --> MMF: 42 -33 
0  0  13 8 --> MMF: 41 -32 
0  0  13 9 --> MMF: 40 -30 
0  0  13 10 --> MMF: 38 -27 
0  0  13 11 --> MMF: 31 -17 
0  0  13 12 --> MMF: 23 -4 
0  0  13 13 --> MMF: 21 -2 
0  0  13 14 --> MMF: 14 7 
0  0  13 15 --> MMF: 10 12 
0  0  13 16 --> MMF: 8 15 
0  0  13 17 --> MMF: 8 15 
0  0  13 18 --> MMF: 5 18 
0  0  13 19 --> MMF: 4 20 
0  0  13 20 --> MMF: 1 23 
0  0  13 21 --> MMF: 0 25 
0  0  13 22 --> MMF: -1 26 
0  0  13 23 --> MMF: -2 27 
0  0  13 24 --> MMF: -2 26 
0  0  13 25 --> MMF: -2 26 
0  0  13 26 --> MMF: -2 25 
0  0  13 27 --> MMF: -2 20 
0  0  13 28 --> MMF: -1 14 
0  0  13 29 --> MMF: -1 13 
0  0  13 30 --> MMF: -1 8 
0  0  13 31 --> MMF: 0 5 
0  0  13 32 --> MMF: 2 1 
0  0  13 33 --> MMF: 2 1 
0  0  13 34 --> MMF: 3 0 
0  0  13 35 --> MMF: 4 -2 
0  0  13 36 --> MMF: 5 -3 
0  0  13 37 --> MMF: 6 -4 
0  0  13 38 --> MMF: 7 -5 
0  0  13 39 --> MMF: 7 -5 
0  0  13 40 --> MMF: 7 -5 
0  0  13 41 --> MMF: 7 -5 
0  0  13 42 --> MMF: 8 -7 
0  0  13 43 --> MMF: 8 -7 
0  0  13 44 --> MMF: 7 -5 
0  0  13 45 --> MMF: 7 -5 
0  0  13 46 --> MMF: 7 -5 
0  0  13 47 --> MMF: 6 -3 
0  0  13 48 --> MMF: 6 -3 
0  0  13 49 --> MMF: 6 -3 
0  0  13 50 --> MMF: 4 0 
0  0  13 51 --> MMF: 3 1 
0  0  13 52 --> MMF: 3 1 
0  0  13 53 --> MMF: 2 2 
0  0  13 54 --> MMF: 2 1 
0  0  13 55 --> MMF: 2 1 
0  0  13 56 --> MMF: 3 0 
0  0  13 57 --> MMF: 3 0 
0  0  13 58 --> MMF: 3 0 
0  0  13 59 --> MMF: 3 0 
0  0  13 60 --> MMF: 2 0 
0  0  13 61 --> MMF: 2 0 
0  0  13 62 --> MMF: 2 0 
0  0  13 63 --> MMF: 2 0 
0  0  13 64 --> MMF: 0 6 
0  0  13 65 --> MMF: 0 7 
0  0  13 66 --> MMF: 0 8 
0  0  13 67 --> MMF: 0 9 
0  0  13 68 --> MMF: 0 10 
0  0  13 69 --> MMF: 0 10 
0  0  13 70 --> MMF: -2 13 
0  0  13 71 --> MMF: -2 13 
0  0  13 72 --> MMF: -2 13 
0  0  13 73 --> MMF: -2 13 
0  0  13 74 --> MMF: -2 13 
0  0  13 75 --> MMF: -1 11 
0  0  13 76 --> MMF: 0 10 
0  0  13 77 --> MMF: 1 9 
0  0  13 78 --> MMF: 2 8 
0  0  13 79 --> MMF: 6 3 
0  0  13 80 --> MMF: 12 -5 
0  0  13 81 --> MMF: 14 -7 
0  0  13 82 --> MMF: 16 -10 
0  0  13 83 --> MMF: 17 -11 
0  0  13 84 --> MMF: 18 -12 
0  0  13 85 --> MMF: 19 -14 
0  0  13 86 --> MMF: 19 -14 
Exiting on SIGINT at 0:0:22.97160200.
