SIM: Random seed is 171875
255  59  59 178 --> MMF: 0 0 
255  59  59 179 --> MMF: 0 0 
255  59  59 180 --> MMF: 0 0 
255  59  59 181 --> MMF: 0 0 
255  59  59 182 --> MMF: 0 0 
255  59  59 183 --> MMF: 0 0 
255  59  59 184 --> MMF: 0 1 
255  59  59 185 --> MMF: 0 1 
255  59  59 186 --> MMF: 0 1 
255  59  59 187 --> MMF: 0 1 
255  59  59 188 --> MMF: 0 1 
255  59  59 189 --> MMF: 0 1 
255  59  59 190 --> MMF: 0 1 
255  59  59 191 --> MMF: 0 1 
255  59  59 192 --> MMF: 0 1 
255  59  59 193 --> MMF: 0 1 
255  59  59 194 --> MMF: 0 1 
255  59  59 195 --> MMF: 0 1 
255  59  59 196 --> MMF: 0 1 
255  59  59 197 --> MMF: 0 1 
255  59  59 198 --> MMF: 0 1 
255  59  59 199 --> MMF: 0 1 
0  0  0 0 --> MMF: 3 -2 
0  0  0 1 --> MMF: 3 -2 
0  0  0 2 --> MMF: 3 -2 
0  0  0 3 --> MMF: 3 -2 
0  0  0 4 --> MMF: 3 -2 
0  0  0 5 --> MMF: 3 -2 
0  0  0 6 --> MMF: 3 -2 
0  0  0 7 --> MMF: 3 -2 
0  0  0 8 --> MMF: 3 -2 
0  0  0 9 --> MMF: 2 -1 
0  0  0 10 --> MMF: 2 -1 
0  0  0 11 --> MMF: 1 0 
0  0  0 12 --> MMF: 1 0 
0  0  0 13 --> MMF: 1 0 
0  0  0 14 --> MMF: 1 0 
0  0  0 15 --> MMF: 1 0 
0  0  0 16 --> MMF: 1 0 
0  0  0 17 --> MMF: 1 0 
0  0  0 18 --> MMF: 1 0 
0  0  0 19 --> MMF: 1 0 
0  0  0 20 --> MMF: 1 0 
0  0  0 21 --> MMF: 1 0 
0  0  0 22 --> MMF: 1 0 
0  0  0 23 --> MMF: 0 1 
0  0  0 24 --> MMF: 0 1 
0  0  0 25 --> MMF: 0 0 
0  0  0 26 --> MMF: 0 0 
0  0  0 27 --> MMF: -1 1 
0  0  0 28 --> MMF: -1 1 
0  0  0 29 --> MMF: -1 1 
0  0  0 30 --> MMF: -1 1 
0  0  0 31 --> MMF: -1 1 
0  0  0 32 --> MMF: -1 1 
0  0  0 33 --> MMF: -1 1 
0  0  0 34 --> MMF: 0 0 
0  0  0 35 --> MMF: 0 0 
0  0  0 36 --> MMF: 0 0 
0  0  0 37 --> MMF: 0 0 
0  0  0 38 --> MMF: 0 0 
0  0  0 39 --> MMF: 1 -1 
0  0  0 40 --> MMF: 0 0 
0  0  0 41 --> MMF: 0 0 
0  0  0 42 --> MMF: 0 0 
0  0  0 43 --> MMF: 0 0 
0  0  0 44 --> MMF: 0 0 
0  0  0 45 --> MMF: 0 0 
0  0  0 46 --> MMF: 1 4 
0  0  0 47 --> MMF: 1 5 
0  0  0 48 --> MMF: 0 8 
0  0  0 49 --> MMF: 0 8 
0  0  0 50 --> MMF: 0 10 
0  0  0 51 --> MMF: 0 11 
0  0  0 52 --> MMF: 0 11 
0  0  0 53 --> MMF: 1 10 
0  0  0 54 --> MMF: 2 8 
0  0  0 55 --> MMF: 2 8 
0  0  0 56 --> MMF: 2 8 
0  0  0 57 --> MMF: 2 8 
0  0  0 58 --> MMF: 1 10 
0  0  0 59 --> MMF: 1 10 
0  0  0 60 --> MMF: 1 10 
0  0  0 61 --> MMF: 1 10 
0  0  0 62 --> MMF: 10 -2 
0  0  0 63 --> MMF: 11 -3 
0  0  0 64 --> MMF: 15 -8 
0  0  0 65 --> MMF: 15 -8 
0  0  0 66 --> MMF: 17 -10 
0  0  0 67 --> MMF: 18 -12 
0  0  0 68 --> MMF: 16 -9 
0  0  0 69 --> MMF: 15 -8 
0  0  0 70 --> MMF: 9 0 
0  0  0 71 --> MMF: 9 0 
0  0  0 72 --> MMF: 7 2 
0  0  0 73 --> MMF: 7 2 
0  0  0 74 --> MMF: 5 -28 
0  0  0 75 --> MMF: 5 -33 
0  0  0 76 --> MMF: 5 -33 
0  0  0 77 --> MMF: 3 -30 
0  0  0 78 --> MMF: 1 173 
0  0  0 79 --> MMF: 1 303 
0  0  0 80 --> MMF: 1 337 
0  0  0 81 --> MMF: 0 345 
0  0  0 82 --> MMF: 0 345 
0  0  0 83 --> MMF: 0 345 
0  0  0 84 --> MMF: 2 343 
0  0  0 85 --> MMF: 2 343 
0  0  0 86 --> MMF: 8 335 
0  0  0 87 --> MMF: 9 334 
0  0  0 88 --> MMF: 9 334 
0  0  0 89 --> MMF: 7 336 
0  0  0 90 --> MMF: -52 410 
0  0  0 91 --> MMF: -60 420 
0  0  0 92 --> MMF: -26 378 
0  0  0 93 --> MMF: -13 361 
0  0  0 94 --> MMF: 339 -79 
0  0  0 95 --> MMF: 547 -339 
0  0  0 96 --> MMF: 602 -407 
0  0  0 97 --> MMF: 613 -421 
0  0  0 98 --> MMF: 593 -396 
0  0  0 99 --> MMF: 550 -342 
0  0  0 100 --> MMF: 360 -105 
0  0  0 101 --> MMF: 310 -42 
0  0  0 102 --> MMF: 39 296 
0  0  0 103 --> MMF: 9 334 
0  0  0 104 --> MMF: 10 333 
0  0  0 105 --> MMF: 9 334 
0  0  0 106 --> MMF: 9 334 
0  0  0 107 --> MMF: 5 339 
0  0  0 108 --> MMF: 3 363 
0  0  0 109 --> MMF: 2 372 
0  0  0 110 --> MMF: -2 382 
0  0  0 111 --> MMF: -3 383 
0  0  0 112 --> MMF: -5 386 
0  0  0 113 --> MMF: -4 385 
0  0  0 114 --> MMF: -4 372 
0  0  0 115 --> MMF: -4 345 
0  0  0 116 --> MMF: -3 225 
0  0  0 117 --> MMF: -2 193 
0  0  0 118 --> MMF: -2 23 
0  0  0 119 --> MMF: -2 5 
0  0  0 120 --> MMF: -2 8 
0  0  0 121 --> MMF: -2 8 
0  0  0 122 --> MMF: -2 10 
0  0  0 123 --> MMF: -3 13 
0  0  0 124 --> MMF: -3 15 
0  0  0 125 --> MMF: -3 16 
0  0  0 126 --> MMF: -3 18 
0  0  0 127 --> MMF: -2 20 
0  0  0 128 --> MMF: -1 21 
0  0  0 129 --> MMF: 2 19 
0  0  0 130 --> MMF: 3 23 
0  0  0 131 --> MMF: 4 23 
0  0  0 132 --> MMF: 6 23 
0  0  0 133 --> MMF: 8 22 
0  0  0 134 --> MMF: 9 23 
0  0  0 135 --> MMF: 10 25 
0  0  0 136 --> MMF: 14 21 
0  0  0 137 --> MMF: 15 20 
0  0  0 138 --> MMF: 17 17 
0  0  0 139 --> MMF: 20 13 
0  0  0 140 --> MMF: 24 8 
0  0  0 141 --> MMF: 25 7 
0  0  0 142 --> MMF: 29 2 
0  0  0 143 --> MMF: 33 -2 
0  0  0 144 --> MMF: 38 -8 
0  0  0 145 --> MMF: 39 -9 
0  0  0 146 --> MMF: 47 -19 
0  0  0 147 --> MMF: 50 -22 
0  0  0 148 --> MMF: 53 -26 
0  0  0 149 --> MMF: 55 -29 
0  0  0 150 --> MMF: 59 -34 
0  0  0 151 --> MMF: 63 -39 
0  0  0 152 --> MMF: 65 -41 
0  0  0 153 --> MMF: 65 -41 
0  0  0 154 --> MMF: 65 -41 
0  0  0 155 --> MMF: 65 -41 
0  0  0 156 --> MMF: 63 -39 
0  0  0 157 --> MMF: 61 -36 
0  0  0 158 --> MMF: 48 -20 
0  0  0 159 --> MMF: 42 -12 
0  0  0 160 --> MMF: 34 -2 
0  0  0 161 --> MMF: 32 0 
0  0  0 162 --> MMF: 21 14 
0  0  0 163 --> MMF: 16 20 
0  0  0 164 --> MMF: 13 24 
0  0  0 165 --> MMF: 11 26 
0  0  0 166 --> MMF: 7 31 
0  0  0 167 --> MMF: 5 34 
0  0  0 168 --> MMF: 4 35 
0  0  0 169 --> MMF: 3 36 
0  0  0 170 --> MMF: 2 38 
 3 --> 0 : 0 : 0 . 97  6 6 9 7 36 14 38  126
0  0  0 171 --> MMF: 1 39 
0  0  0 172 --> MMF: 1 38 
0  0  0 173 --> MMF: 1 36 
0  0  0 174 --> MMF: 1 28 
0  0  0 175 --> MMF: 1 24 
0  0  0 176 --> MMF: 1 18 
0  0  0 177 --> MMF: 1 17 
0  0  0 178 --> MMF: 2 9 
0  0  0 179 --> MMF: 2 6 
0  0  0 180 --> MMF: 1 4 
0  0  0 181 --> MMF: 1 3 
0  0  0 182 --> MMF: 1 0 
0  0  0 183 --> MMF: 1 -1 
0  0  0 184 --> MMF: 1 -2 
0  0  0 185 --> MMF: 0 -1 
0  0  0 186 --> MMF: 0 -2 
0  0  0 187 --> MMF: 0 -2 
0  0  0 188 --> MMF: 0 -2 
0  0  0 189 --> MMF: -1 0 
0  0  0 190 --> MMF: -1 0 
0  0  0 191 --> MMF: -1 0 
0  0  0 192 --> MMF: -2 1 
0  0  0 193 --> MMF: -2 1 
0  0  0 194 --> MMF: -2 1 
0  0  0 195 --> MMF: -2 1 
0  0  0 196 --> MMF: -4 3 
0  0  0 197 --> MMF: -3 1 
0  0  0 198 --> MMF: -3 1 
0  0  0 199 --> MMF: -3 1 
0  0  1 0 --> MMF: -3 1 
0  0  1 1 --> MMF: -2 0 
0  0  1 2 --> MMF: -2 0 
0  0  1 3 --> MMF: -2 0 
0  0  1 4 --> MMF: -2 0 
0  0  1 5 --> MMF: -2 0 
0  0  1 6 --> MMF: -2 0 
0  0  1 7 --> MMF: -1 -2 
0  0  1 8 --> MMF: -1 -2 
0  0  1 9 --> MMF: -1 -2 
0  0  1 10 --> MMF: -1 -2 
0  0  1 11 --> MMF: -1 -2 
0  0  1 12 --> MMF: -1 -2 
0  0  1 13 --> MMF: -1 -1 
0  0  1 14 --> MMF: -1 -1 
0  0  1 15 --> MMF: 0 -2 
0  0  1 16 --> MMF: 0 -2 
0  0  1 17 --> MMF: 0 -1 
0  0  1 18 --> MMF: 0 -1 
0  0  1 19 --> MMF: 0 -1 
0  0  1 20 --> MMF: -1 1 
0  0  1 21 --> MMF: -1 1 
0  0  1 22 --> MMF: 0 6 
0  0  1 23 --> MMF: 0 8 
0  0  1 24 --> MMF: -1 11 
0  0  1 25 --> MMF: -1 12 
0  0  1 26 --> MMF: -1 12 
0  0  1 27 --> MMF: -1 13 
0  0  1 28 --> MMF: -1 13 
0  0  1 29 --> MMF: -1 13 
0  0  1 30 --> MMF: 0 12 
0  0  1 31 --> MMF: 1 11 
0  0  1 32 --> MMF: 1 11 
0  0  1 33 --> MMF: 1 11 
0  0  1 34 --> MMF: 1 11 
0  0  1 35 --> MMF: 1 11 
0  0  1 36 --> MMF: 2 10 
0  0  1 37 --> MMF: 2 10 
0  0  1 38 --> MMF: 13 -4 
0  0  1 39 --> MMF: 15 -7 
0  0  1 40 --> MMF: 17 -9 
0  0  1 41 --> MMF: 19 -12 
0  0  1 42 --> MMF: 19 -12 
0  0  1 43 --> MMF: 21 -14 
0  0  1 44 --> MMF: 19 -12 
0  0  1 45 --> MMF: 18 -10 
0  0  1 46 --> MMF: 11 -1 
0  0  1 47 --> MMF: 10 0 
0  0  1 48 --> MMF: 9 -6 
0  0  1 49 --> MMF: 8 -9 
0  0  1 50 --> MMF: 7 -39 
0  0  1 51 --> MMF: 7 -39 
0  0  1 52 --> MMF: 5 -37 
0  0  1 53 --> MMF: 4 -35 
0  0  1 54 --> MMF: 3 234 
0  0  1 55 --> MMF: 2 282 
0  0  1 56 --> MMF: 1 300 
0  0  1 57 --> MMF: 2 300 
0  0  1 58 --> MMF: 3 299 
0  0  1 59 --> MMF: 3 299 
0  0  1 60 --> MMF: 4 298 
0  0  1 61 --> MMF: 5 296 
0  0  1 62 --> MMF: 19 279 
0  0  1 63 --> MMF: 14 285 
0  0  1 64 --> MMF: -12 318 
0  0  1 65 --> MMF: -19 326 
0  0  1 66 --> MMF: -69 389 
0  0  1 67 --> MMF: -60 378 
0  0  1 68 --> MMF: -4 308 
0  0  1 69 --> MMF: 22 275 
0  0  1 70 --> MMF: 450 -260 
0  0  1 71 --> MMF: 525 -354 
0  0  1 72 --> MMF: 552 -387 
0  0  1 73 --> MMF: 554 -390 
0  0  1 74 --> MMF: 532 -362 
0  0  1 75 --> MMF: 443 -251 
0  0  1 76 --> MMF: 228 18 
0  0  1 77 --> MMF: 188 68 
0  0  1 78 --> MMF: 9 291 
0  0  1 79 --> MMF: 7 294 
0  0  1 80 --> MMF: 6 295 
0  0  1 81 --> MMF: 6 295 
0  0  1 82 --> MMF: 3 299 
0  0  1 83 --> MMF: 2 306 
0  0  1 84 --> MMF: 0 343 
0  0  1 85 --> MMF: -1 345 
0  0  1 86 --> MMF: -3 347 
0  0  1 87 --> MMF: -3 347 
0  0  1 88 --> MMF: -4 348 
0  0  1 89 --> MMF: -3 347 
0  0  1 90 --> MMF: -3 333 
0  0  1 91 --> MMF: -2 276 
0  0  1 92 --> MMF: -3 143 
0  0  1 93 --> MMF: -3 118 
0  0  1 94 --> MMF: -3 14 
0  0  1 95 --> MMF: -3 15 
0  0  1 96 --> MMF: -3 18 
0  0  1 97 --> MMF: -3 18 
0  0  1 98 --> MMF: -1 20 
0  0  1 99 --> MMF: -1 21 
0  0  1 100 --> MMF: 1 21 
0  0  1 101 --> MMF: 2 21 
0  0  1 102 --> MMF: 3 23 
0  0  1 103 --> MMF: 3 25 
0  0  1 104 --> MMF: 7 22 
0  0  1 105 --> MMF: 8 22 
0  0  1 106 --> MMF: 12 22 
0  0  1 107 --> MMF: 15 20 
0  0  1 108 --> MMF: 16 19 
0  0  1 109 --> MMF: 19 18 
0  0  1 110 --> MMF: 21 16 
0  0  1 111 --> MMF: 23 15 
0  0  1 112 --> MMF: 27 10 
0  0  1 113 --> MMF: 28 9 
0  0  1 114 --> MMF: 35 1 
0  0  1 115 --> MMF: 37 -1 
0  0  1 116 --> MMF: 40 -4 
0  0  1 117 --> MMF: 42 -7 
0  0  1 118 --> MMF: 47 -13 
0  0  1 119 --> MMF: 50 -17 
0  0  1 120 --> MMF: 54 -22 
0  0  1 121 --> MMF: 55 -23 
0  0  1 122 --> MMF: 63 -33 
0  0  1 123 --> MMF: 65 -35 
0  0  1 124 --> MMF: 66 -37 
0  0  1 125 --> MMF: 70 -42 
0  0  1 126 --> MMF: 71 -43 
0  0  1 127 --> MMF: 73 -45 
0  0  1 128 --> MMF: 73 -45 
0  0  1 129 --> MMF: 74 -47 
0  0  1 130 --> MMF: 73 -45 
0  0  1 131 --> MMF: 71 -43 
0  0  1 132 --> MMF: 67 -38 
0  0  1 133 --> MMF: 66 -37 
0  0  1 134 --> MMF: 42 -7 
0  0  1 135 --> MMF: 36 1 
0  0  1 136 --> MMF: 30 8 
0  0  1 137 --> MMF: 28 11 
0  0  1 138 --> MMF: 20 21 
0  0  1 139 --> MMF: 15 27 
0  0  1 140 --> MMF: 12 31 
0  0  1 141 --> MMF: 11 32 
0  0  1 142 --> MMF: 8 36 
0  0  1 143 --> MMF: 7 37 
0  0  1 144 --> MMF: 6 38 
0  0  1 145 --> MMF: 5 40 
0  0  1 146 --> MMF: 4 40 
0  0  1 147 --> MMF: 3 40 
0  0  1 148 --> MMF: 3 38 
0  0  1 149 --> MMF: 3 37 
0  0  1 150 --> MMF: 3 22 
0  0  1 151 --> MMF: 3 18 
0  0  1 152 --> MMF: 2 15 
0  0  1 153 --> MMF: 2 13 
0  0  1 154 --> MMF: 2 8 
0  0  1 155 --> MMF: 1 6 
0  0  1 156 --> MMF: 0 5 
0  0  1 157 --> MMF: 0 5 
0  0  1 158 --> MMF: 1 1 
0  0  1 159 --> MMF: 1 1 
0  0  1 160 --> MMF: 1 0 
0  0  1 161 --> MMF: 2 -2 
0  0  1 162 --> MMF: 2 -2 
0  0  1 163 --> MMF: 2 -3 
0  0  1 164 --> MMF: 2 -3 
0  0  1 165 --> MMF: 1 -2 
0  0  1 166 --> MMF: 0 0 
0  0  1 167 --> MMF: -1 1 
0  0  1 168 --> MMF: -2 1 
0  0  1 169 --> MMF: -3 3 
0  0  1 170 --> MMF: -2 1 
0  0  1 171 --> MMF: -2 1 
0  0  1 172 --> MMF: 0 -1 
0  0  1 173 --> MMF: 0 -1 
0  0  1 174 --> MMF: -1 0 
0  0  1 175 --> MMF: -1 0 
0  0  1 176 --> MMF: -1 0 
0  0  1 177 --> MMF: -1 0 
0  0  1 178 --> MMF: -1 1 
0  0  1 179 --> MMF: 0 1 
0  0  1 180 --> MMF: 1 3 
0  0  1 181 --> MMF: 1 5 
0  0  1 182 --> MMF: 1 6 
0  0  1 183 --> MMF: 1 6 
0  0  1 184 --> MMF: 1 8 
0  0  1 185 --> MMF: 1 8 
0  0  1 186 --> MMF: 0 10 
0  0  1 187 --> MMF: 0 10 
0  0  1 188 --> MMF: 0 11 
0  0  1 189 --> MMF: 1 10 
0  0  1 190 --> MMF: 1 10 
0  0  1 191 --> MMF: 1 10 
0  0  1 192 --> MMF: 2 8 
0  0  1 193 --> MMF: 2 8 
0  0  1 194 --> MMF: 3 7 
0  0  1 195 --> MMF: 6 4 
0  0  1 196 --> MMF: 10 -1 
0  0  1 197 --> MMF: 13 -5 
0  0  1 198 --> MMF: 15 -7 
0  0  1 199 --> MMF: 16 -9 
0  0  2 0 --> MMF: 18 -11 
0  0  2 1 --> MMF: 19 -12 
0  0  2 2 --> MMF: 17 -10 
0  0  2 3 --> MMF: 13 -5 
0  0  2 4 --> MMF: 9 0 
0  0  2 5 --> MMF: 8 1 
0  0  2 6 --> MMF: 8 -15 
0  0  2 7 --> MMF: 8 -35 
0  0  2 8 --> MMF: 8 -59 
0  0  2 9 --> MMF: 7 -62 
0  0  2 10 --> MMF: 6 -61 
0  0  2 11 --> MMF: 5 52 
0  0  2 12 --> MMF: 2 191 
0  0  2 13 --> MMF: 1 219 
0  0  2 14 --> MMF: 1 281 
0  0  2 15 --> MMF: 1 283 
0  0  2 16 --> MMF: 2 282 
0  0  2 17 --> MMF: 4 280 
0  0  2 18 --> MMF: 4 280 
0  0  2 19 --> MMF: 5 278 
0  0  2 20 --> MMF: 15 266 
 1 --> 0 : 0 : 1 . 73  7 15 11 21 44 16 30  74
0  0  2 21 --> MMF: 15 266 
0  0  2 22 --> MMF: -26 317 
0  0  2 23 --> MMF: -58 357 
0  0  2 24 --> MMF: -96 405 
0  0  2 25 --> MMF: -104 415 
0  0  2 26 --> MMF: -69 371 
0  0  2 27 --> MMF: 198 37 
0  0  2 28 --> MMF: 414 -233 
0  0  2 29 --> MMF: 457 -287 
0  0  2 30 --> MMF: 557 -412 
0  0  2 31 --> MMF: 560 -415 
0  0  2 32 --> MMF: 535 -384 
0  0  2 33 --> MMF: 529 -377 
0  0  2 34 --> MMF: 330 -128 
0  0  2 35 --> MMF: 124 130 
0  0  2 36 --> MMF: 16 265 
0  0  2 37 --> MMF: 7 276 
0  0  2 38 --> MMF: 3 281 
0  0  2 39 --> MMF: 3 281 
0  0  2 40 --> MMF: 1 283 
0  0  2 41 --> MMF: 0 285 
0  0  2 42 --> MMF: -3 310 
0  0  2 43 --> MMF: -4 351 
0  0  2 44 --> MMF: -5 352 
0  0  2 45 --> MMF: -6 353 
0  0  2 46 --> MMF: -6 353 
0  0  2 47 --> MMF: -6 353 
0  0  2 48 --> MMF: -5 336 
0  0  2 49 --> MMF: -4 331 
0  0  2 50 --> MMF: -4 207 
0  0  2 51 --> MMF: -3 77 
0  0  2 52 --> MMF: -2 16 
0  0  2 53 --> MMF: 0 14 
0  0  2 54 --> MMF: 1 16 
0  0  2 55 --> MMF: 2 16 
0  0  2 56 --> MMF: 4 16 
0  0  2 57 --> MMF: 5 16 
0  0  2 58 --> MMF: 6 18 
0  0  2 59 --> MMF: 7 20 
0  0  2 60 --> MMF: 11 18 
0  0  2 61 --> MMF: 11 20 
0  0  2 62 --> MMF: 16 18 
0  0  2 63 --> MMF: 18 16 
0  0  2 64 --> MMF: 20 16 
0  0  2 65 --> MMF: 22 16 
0  0  2 66 --> MMF: 24 16 
0  0  2 67 --> MMF: 25 18 
0  0  2 68 --> MMF: 28 15 
0  0  2 69 --> MMF: 29 16 
0  0  2 70 --> MMF: 34 10 
0  0  2 71 --> MMF: 37 6 
0  0  2 72 --> MMF: 41 1 
0  0  2 73 --> MMF: 42 0 
0  0  2 74 --> MMF: 48 -8 
0  0  2 75 --> MMF: 53 -14 
0  0  2 76 --> MMF: 58 -20 
0  0  2 77 --> MMF: 60 -23 
0  0  2 78 --> MMF: 67 -32 
0  0  2 79 --> MMF: 69 -34 
0  0  2 80 --> MMF: 72 -38 
0  0  2 81 --> MMF: 74 -40 
0  0  2 82 --> MMF: 79 -47 
0  0  2 83 --> MMF: 82 -50 
0  0  2 84 --> MMF: 83 -52 
0  0  2 85 --> MMF: 84 -53 
0  0  2 86 --> MMF: 82 -50 
0  0  2 87 --> MMF: 82 -50 
0  0  2 88 --> MMF: 78 -45 
0  0  2 89 --> MMF: 77 -44 
0  0  2 90 --> MMF: 70 -36 
0  0  2 91 --> MMF: 62 -26 
0  0  2 92 --> MMF: 34 9 
0  0  2 93 --> MMF: 32 11 
0  0  2 94 --> MMF: 21 25 
0  0  2 95 --> MMF: 17 30 
0  0  2 96 --> MMF: 13 35 
0  0  2 97 --> MMF: 12 36 
0  0  2 98 --> MMF: 4 46 
0  0  2 99 --> MMF: 3 48 
0  0  2 100 --> MMF: 2 49 
 1 --> 0 : 0 : 2 . 31  6 16 10 22 43 16 38  70
0  0  2 101 --> MMF: 0 51 
0  0  2 102 --> MMF: 0 50 
0  0  2 103 --> MMF: 0 50 
0  0  2 104 --> MMF: 0 48 
0  0  2 105 --> MMF: 0 47 
0  0  2 106 --> MMF: -1 44 
0  0  2 107 --> MMF: -1 39 
0  0  2 108 --> MMF: -1 21 
0  0  2 109 --> MMF: -1 20 
0  0  2 110 --> MMF: -1 13 
0  0  2 111 --> MMF: 0 10 
0  0  2 112 --> MMF: 0 7 
0  0  2 113 --> MMF: 0 6 
0  0  2 114 --> MMF: 1 0 
0  0  2 115 --> MMF: 1 0 
0  0  2 116 --> MMF: 1 -1 
0  0  2 117 --> MMF: 1 -2 
0  0  2 118 --> MMF: 1 -1 
0  0  2 119 --> MMF: 0 1 
0  0  2 120 --> MMF: 0 2 
0  0  2 121 --> MMF: 0 2 
0  0  2 122 --> MMF: 0 5 
0  0  2 123 --> MMF: 0 7 
0  0  2 124 --> MMF: 0 9 
0  0  2 125 --> MMF: 0 11 
0  0  2 126 --> MMF: 0 13 
0  0  2 127 --> MMF: 1 13 
0  0  2 128 --> MMF: 1 13 
0  0  2 129 --> MMF: 1 13 
0  0  2 130 --> MMF: 1 13 
0  0  2 131 --> MMF: 1 13 
0  0  2 132 --> MMF: 1 13 
0  0  2 133 --> MMF: 1 13 
0  0  2 134 --> MMF: 2 12 
0  0  2 135 --> MMF: 3 11 
0  0  2 136 --> MMF: 5 8 
0  0  2 137 --> MMF: 5 8 
0  0  2 138 --> MMF: 10 2 
0  0  2 139 --> MMF: 13 -2 
0  0  2 140 --> MMF: 16 -5 
0  0  2 141 --> MMF: 19 -9 
0  0  2 142 --> MMF: 23 -14 
0  0  2 143 --> MMF: 24 -15 
0  0  2 144 --> MMF: 23 -14 
0  0  2 145 --> MMF: 22 -13 
0  0  2 146 --> MMF: 19 -9 
0  0  2 147 --> MMF: 14 -3 
0  0  2 148 --> MMF: 13 -2 
0  0  2 149 --> MMF: 12 0 
0  0  2 150 --> MMF: 10 2 
0  0  2 151 --> MMF: 10 -15 
0  0  2 152 --> MMF: 8 -33 
0  0  2 153 --> MMF: 8 -36 
0  0  2 154 --> MMF: 5 -29 
0  0  2 155 --> MMF: 3 118 
0  0  2 156 --> MMF: 2 255 
0  0  2 157 --> MMF: 1 283 
0  0  2 158 --> MMF: 0 331 
0  0  2 159 --> MMF: 0 331 
0  0  2 160 --> MMF: 0 331 
0  0  2 161 --> MMF: 3 328 
0  0  2 162 --> MMF: 3 328 
0  0  2 163 --> MMF: 3 328 
0  0  2 164 --> MMF: 16 311 
0  0  2 165 --> MMF: 17 310 
0  0  2 166 --> MMF: 6 324 
0  0  2 167 --> MMF: -28 366 
0  0  2 168 --> MMF: -60 406 
0  0  2 169 --> MMF: -65 413 
0  0  2 170 --> MMF: 30 294 
0  0  2 171 --> MMF: 260 6 
0  0  2 172 --> MMF: 478 -266 
0  0  2 173 --> MMF: 521 -320 
0  0  2 174 --> MMF: 596 -414 
0  0  2 175 --> MMF: 595 -412 
0  0  2 176 --> MMF: 559 -367 
0  0  2 177 --> MMF: 549 -355 
0  0  2 178 --> MMF: 240 31 
0  0  2 179 --> MMF: 68 246 
0  0  2 180 --> MMF: 8 321 
0  0  2 181 --> MMF: 4 326 
0  0  2 182 --> MMF: 4 326 
0  0  2 183 --> MMF: 3 328 
0  0  2 184 --> MMF: 1 330 
0  0  2 185 --> MMF: 0 331 
0  0  2 186 --> MMF: -4 373 
0  0  2 187 --> MMF: -5 374 
0  0  2 188 --> MMF: -6 375 
0  0  2 189 --> MMF: -7 376 
0  0  2 190 --> MMF: -6 375 
0  0  2 191 --> MMF: -6 375 
0  0  2 192 --> MMF: -4 350 
0  0  2 193 --> MMF: -4 343 
0  0  2 194 --> MMF: -3 149 
0  0  2 195 --> MMF: -3 41 
0  0  2 196 --> MMF: -1 14 
0  0  2 197 --> MMF: -1 15 
0  0  2 198 --> MMF: -1 18 
0  0  2 199 --> MMF: 0 18 
0  0  3 0 --> MMF: 3 16 
0  0  3 1 --> MMF: 3 18 
0  0  3 2 --> MMF: 6 18 
0  0  3 3 --> MMF: 8 18 
0  0  3 4 --> MMF: 9 20 
0  0  3 5 --> MMF: 12 17 
0  0  3 6 --> MMF: 14 20 
0  0  3 7 --> MMF: 15 20 
0  0  3 8 --> MMF: 17 20 
0  0  3 9 --> MMF: 19 20 
0  0  3 10 --> MMF: 23 16 
0  0  3 11 --> MMF: 25 15 
0  0  3 12 --> MMF: 28 13 
0  0  3 13 --> MMF: 30 10 
0  0  3 14 --> MMF: 35 4 
0  0  3 15 --> MMF: 37 2 
0  0  3 16 --> MMF: 40 -2 
0  0  3 17 --> MMF: 42 -4 
0  0  3 18 --> MMF: 49 -13 
0  0  3 19 --> MMF: 53 -18 
0  0  3 20 --> MMF: 58 -24 
0  0  3 21 --> MMF: 59 -25 
0  0  3 22 --> MMF: 66 -34 
0  0  3 23 --> MMF: 69 -38 
0  0  3 24 --> MMF: 71 -40 
0  0  3 25 --> MMF: 74 -44 
0  0  3 26 --> MMF: 76 -47 
0  0  3 27 --> MMF: 78 -49 
0  0  3 28 --> MMF: 78 -49 
0  0  3 29 --> MMF: 78 -49 
0  0  3 30 --> MMF: 77 -48 
0  0  3 31 --> MMF: 74 -44 
0  0  3 32 --> MMF: 69 -38 
0  0  3 33 --> MMF: 51 -15 
0  0  3 34 --> MMF: 37 2 
0  0  3 35 --> MMF: 31 10 
0  0  3 36 --> MMF: 26 16 
0  0  3 37 --> MMF: 24 18 
0  0  3 38 --> MMF: 16 28 
0  0  3 39 --> MMF: 12 33 
0  0  3 40 --> MMF: 9 37 
0  0  3 41 --> MMF: 7 40 
0  0  3 42 --> MMF: 4 43 
0  0  3 43 --> MMF: 3 44 
0  0  3 44 --> MMF: 2 45 
0  0  3 45 --> MMF: 1 46 
0  0  3 46 --> MMF: 1 46 
0  0  3 47 --> MMF: 1 44 
0  0  3 48 --> MMF: 2 40 
0  0  3 49 --> MMF: 2 28 
0  0  3 50 --> MMF: 2 20 
0  0  3 51 --> MMF: 2 16 
0  0  3 52 --> MMF: 2 12 
0  0  3 53 --> MMF: 2 11 
0  0  3 54 --> MMF: 2 6 
0  0  3 55 --> MMF: 1 5 
0  0  3 56 --> MMF: 0 4 
0  0  3 57 --> MMF: 0 3 
0  0  3 58 --> MMF: 0 1 
0  0  3 59 --> MMF: -1 3 
0  0  3 60 --> MMF: -1 5 
0  0  3 61 --> MMF: -1 5 
0  0  3 62 --> MMF: -1 10 
0  0  3 63 --> MMF: 0 10 
0  0  3 64 --> MMF: 0 11 
0  0  3 65 --> MMF: 0 11 
0  0  3 66 --> MMF: 0 11 
0  0  3 67 --> MMF: 0 11 
0  0  3 68 --> MMF: -2 13 
 1 --> 0 : 0 : 2 . 174  5 15 9 22 159 186 35  72
0  0  3 69 --> MMF: -2 13 
0  0  3 70 --> MMF: -1 12 
0  0  3 71 --> MMF: -1 12 
0  0  3 72 --> MMF: 0 11 
0  0  3 73 --> MMF: 2 8 
0  0  3 74 --> MMF: 4 6 
0  0  3 75 --> MMF: 5 5 
0  0  3 76 --> MMF: 8 1 
0  0  3 77 --> MMF: 9 0 
0  0  3 78 --> MMF: 17 -10 
0  0  3 79 --> MMF: 19 -13 
0  0  3 80 --> MMF: 20 -14 
0  0  3 81 --> MMF: 19 -13 
0  0  3 82 --> MMF: 16 -9 
0  0  3 83 --> MMF: 12 -4 
0  0  3 84 --> MMF: 9 0 
0  0  3 85 --> MMF: 8 1 
0  0  3 86 --> MMF: 5 5 
0  0  3 87 --> MMF: 4 6 
0  0  3 88 --> MMF: 2 -8 
0  0  3 89 --> MMF: 2 -12 
0  0  3 90 --> MMF: 3 -13 
0  0  3 91 --> MMF: 3 -5 
0  0  3 92 --> MMF: 3 138 
0  0  3 93 --> MMF: 2 173 
0  0  3 94 --> MMF: 2 300 
0  0  3 95 --> MMF: 2 314 
0  0  3 96 --> MMF: 1 315 
0  0  3 97 --> MMF: 1 315 
0  0  3 98 --> MMF: 3 313 
0  0  3 99 --> MMF: 3 313 
0  0  3 100 --> MMF: 3 313 
0  0  3 101 --> MMF: 17 295 
0  0  3 102 --> MMF: 14 299 
0  0  3 103 --> MMF: 6 309 
0  0  3 104 --> MMF: -28 351 
0  0  3 105 --> MMF: -34 359 
0  0  3 106 --> MMF: -33 358 
0  0  3 107 --> MMF: 32 276 
0  0  3 108 --> MMF: 262 -11 
0  0  3 109 --> MMF: 316 -79 
0  0  3 110 --> MMF: 518 -331 
0  0  3 111 --> MMF: 541 -360 
0  0  3 112 --> MMF: 537 -355 
0  0  3 113 --> MMF: 535 -352 
0  0  3 114 --> MMF: 427 -217 
0  0  3 115 --> MMF: 215 48 
0  0  3 116 --> MMF: 64 236 
0  0  3 117 --> MMF: 36 271 
0  0  3 118 --> MMF: 13 300 
0  0  3 119 --> MMF: 12 301 
0  0  3 120 --> MMF: 10 304 
0  0  3 121 --> MMF: 10 304 
0  0  3 122 --> MMF: 0 317 
0  0  3 123 --> MMF: -2 337 
0  0  3 124 --> MMF: -3 338 
0  0  3 125 --> MMF: -5 341 
0  0  3 126 --> MMF: -5 341 
0  0  3 127 --> MMF: -5 341 
0  0  3 128 --> MMF: -5 338 
0  0  3 129 --> MMF: -3 335 
0  0  3 130 --> MMF: -5 270 
0  0  3 131 --> MMF: -5 137 
0  0  3 132 --> MMF: -5 43 
0  0  3 133 --> MMF: -4 24 
0  0  3 134 --> MMF: -4 15 
0  0  3 135 --> MMF: -3 15 
0  0  3 136 --> MMF: -2 16 
0  0  3 137 --> MMF: -1 16 
0  0  3 138 --> MMF: 0 18 
0  0  3 139 --> MMF: 0 20 
0  0  3 140 --> MMF: 0 23 
0  0  3 141 --> MMF: 2 21 
0  0  3 142 --> MMF: 5 23 
0  0  3 143 --> MMF: 6 24 
0  0  3 144 --> MMF: 8 24 
0  0  3 145 --> MMF: 9 23 
0  0  3 146 --> MMF: 13 22 
0  0  3 147 --> MMF: 14 22 
0  0  3 148 --> MMF: 18 18 
0  0  3 149 --> MMF: 19 18 
0  0  3 150 --> MMF: 22 14 
0  0  3 151 --> MMF: 24 12 
0  0  3 152 --> MMF: 27 9 
0  0  3 153 --> MMF: 29 7 
0  0  3 154 --> MMF: 34 1 
0  0  3 155 --> MMF: 38 -4 
0  0  3 156 --> MMF: 43 -10 
0  0  3 157 --> MMF: 44 -11 
0  0  3 158 --> MMF: 53 -22 
0  0  3 159 --> MMF: 56 -26 
0  0  3 160 --> MMF: 60 -31 
0  0  3 161 --> MMF: 61 -32 
0  0  3 162 --> MMF: 67 -40 
0  0  3 163 --> MMF: 69 -42 
0  0  3 164 --> MMF: 70 -44 
0  0  3 165 --> MMF: 71 -45 
0  0  3 166 --> MMF: 70 -44 
0  0  3 167 --> MMF: 69 -42 
0  0  3 168 --> MMF: 66 -39 
0  0  3 169 --> MMF: 50 -19 
0  0  3 170 --> MMF: 42 -9 
0  0  3 171 --> MMF: 34 1 
0  0  3 172 --> MMF: 28 9 
0  0  3 173 --> MMF: 26 11 
0  0  3 174 --> MMF: 16 24 
0  0  3 175 --> MMF: 12 29 
0  0  3 176 --> MMF: 8 34 
0  0  3 177 --> MMF: 7 35 
0  0  3 178 --> MMF: 5 38 
0  0  3 179 --> MMF: 4 39 
0  0  3 180 --> MMF: 2 41 
0  0  3 181 --> MMF: 1 43 
0  0  3 182 --> MMF: 1 42 
0  0  3 183 --> MMF: 1 41 
0  0  3 184 --> MMF: 2 38 
0  0  3 185 --> MMF: 2 28 
0  0  3 186 --> MMF: 2 23 
0  0  3 187 --> MMF: 3 16 
0  0  3 188 --> MMF: 4 11 
0  0  3 189 --> MMF: 4 10 
0  0  3 190 --> MMF: 5 3 
0  0  3 191 --> MMF: 4 1 
0  0  3 192 --> MMF: 3 0 
0  0  3 193 --> MMF: 3 0 
0  0  3 194 --> MMF: 2 0 
0  0  3 195 --> MMF: 2 0 
0  0  3 196 --> MMF: 2 1 
0  0  3 197 --> MMF: 1 3 
0  0  3 198 --> MMF: 1 6 
0  0  3 199 --> MMF: 1 9 
0  0  4 0 --> MMF: 0 12 
0  0  4 1 --> MMF: 0 13 
0  0  4 2 --> MMF: -1 14 
0  0  4 3 --> MMF: -1 14 
0  0  4 4 --> MMF: -1 14 
0  0  4 5 --> MMF: -1 14 
0  0  4 6 --> MMF: 0 13 
0  0  4 7 --> MMF: 0 13 
0  0  4 8 --> MMF: 2 10 
0  0  4 9 --> MMF: 2 10 
0  0  4 10 --> MMF: 4 8 
0  0  4 11 --> MMF: 4 8 
0  0  4 12 --> MMF: 8 3 
0  0  4 13 --> MMF: 9 1 
0  0  4 14 --> MMF: 13 -4 
0  0  4 15 --> MMF: 18 -10 
0  0  4 16 --> MMF: 21 -14 
Exiting on SIGINT at 0:0:9.10515700.
